flux,lam
1.014675012550996e-14,100.0
5.743701961155018e-15,100.200200133
3.2477176895748547e-15,100.400801068
1.834398150913761e-15,100.601803605
1.0350256451953562e-15,100.80320855
5.834095999628397e-16,101.005016708
3.285487335681778e-16,101.207228887
1.8488236312788114e-16,101.409845894
1.039851529102932e-16,101.612868541
5.848079529233442e-17,101.816297639
3.529974269650496e-17,102.020134003
4.045233289864455e-17,102.224378447
4.638541672272764e-17,102.429031789
5.3218249861650474e-17,102.634094847
6.108865786617515e-17,102.839568442
7.015597012880814e-17,103.045453395
8.06044250037125e-17,103.251750531
9.264712202694639e-17,103.458460673
1.0653061168594869e-16,103.665584649
1.225402257306479e-16,103.873123288
1.353550427656026e-16,104.081077419
1.4025501355358408e-16,104.289447875
1.4534573598217895e-16,104.498235489
1.5063494117227323e-16,104.707441096
1.561306966036785e-16,104.917065532
1.6184142113277788e-16,105.127109638
1.6777590037289034e-16,105.337574251
1.7394330339025134e-16,105.548460216
1.8035319951674443e-16,105.759768374
1.8701557657589593e-16,105.971499571
1.854351098476303e-16,106.183654655
1.8258890089074463e-16,106.396234473
1.7978250402874482e-16,106.609239876
1.7701540809436388e-16,106.822671717
1.7428710865611157e-16,107.036530848
1.7159710781918626e-16,107.250818125
1.689449141234252e-16,107.465534406
1.6633004243180798e-16,107.68068055
1.6375201382245828e-16,107.896257416
1.5940882358751854e-16,108.112265867
1.5356750565832755e-16,108.328706767
1.479304196241019e-16,108.545580983
1.4249078246360253e-16,108.762889381
1.3724202398661949e-16,108.980632831
1.3217778065897012e-16,109.198812203
1.2729188940340582e-16,109.417428371
1.2257838177926604e-16,109.636482208
1.1803147807791395e-16,109.855974592
1.1304132647153215e-16,110.075906399
1.0716198772560762e-16,110.296278511
1.0157840100478562e-16,110.517091808
9.627621159921292e-17,110.738347173
9.124173514489782e-17,110.960045492
8.646192767006504e-17,111.182187651
8.192435678604145e-17,111.404774539
7.76171742246717e-17,111.627807046
7.352908947357787e-17,111.851286065
6.964934465817465e-17,112.075212488
6.596769031299283e-17,112.299587213
6.247436244480827e-17,112.524411137
5.916006043007776e-17,112.749685158
5.601592586828442e-17,112.975410178
5.303352244460765e-17,113.2015871
5.020481662329397e-17,113.428216828
4.752215915127175e-17,113.65530027
4.497826748018236e-17,113.882838332
4.2305533983748867e-17,114.110831927
3.9529023904405435e-17,114.339281964
3.693001512336946e-17,114.568189359
3.449747079225123e-17,114.797555027
3.2221020373509304e-17,115.027379886
3.009092068874044e-17,115.257664854
2.809801911049075e-17,115.488410852
2.6233718865500763e-17,115.719618805
2.4489946362024617e-17,115.951289636
2.2859120273210787e-17,116.183424273
2.133412248427023e-17,116.416023643
1.9908270615638553e-17,116.649088678
1.857529219965735e-17,116.882620309
1.7329300271060655e-17,117.116619471
1.6164770414804928e-17,117.351087099
1.5076519094409492e-17,117.586024132
1.405968327261979e-17,117.821431509
1.3086159273480537e-17,118.057310172
1.2110245178159037e-17,118.293661065
1.1205462754378676e-17,118.530485132
1.0366750746006088e-17,118.767783321
9.589398996848406e-18,119.005556582
8.86902474583406e-18,119.243805865
8.201550462347233e-18,119.482532123
7.583183150303038e-18,119.721736312
7.01039502301309e-18,119.961419388
6.4799054388866345e-18,120.20158231
5.988664045338452e-18,120.442226038
5.533835031789003e-18,120.683351535
5.112782435866036e-18,120.924959766
4.703869582783668e-18,121.167051696
4.3190533068815155e-18,121.409628296
3.965072938351809e-18,121.652690533
3.63951053899693e-18,121.896239382
3.340133509550069e-18,122.140275816
3.0648807124360706e-18,122.384800811
2.8118496147200255e-18,122.629815346
2.579284373814839e-18,122.8753204
2.3655647899708242e-18,123.121316955
2.1691960734126335e-18,123.367805996
1.988799366421098e-18,123.614788508
1.823102959433036e-18,123.862265479
1.6709341588148738e-18,124.1102379
1.531211758285556e-18,124.358706762
1.4029390651968935e-18,124.607673059
1.28519744824507e-18,124.857137786
1.1744870182180439e-18,125.107101943
1.06989700389946e-18,125.357566528
9.744469741415776e-19,125.608532543
8.873537514964734e-19,125.860000993
8.078999019362785e-19,126.111972883
7.35428332617226e-19,126.364449221
6.693373249692471e-19,126.617431017
6.090759674001691e-19,126.870919282
5.538166920663796e-19,127.124915032
5.031751033454491e-19,127.379419282
4.570802917646277e-19,127.634433049
4.1513174210846697e-19,127.889957354
3.759415126158041e-19,128.145993219
3.396890764961383e-19,128.402541669
3.068727906566802e-19,128.659603728
2.7717274805557527e-19,128.917180427
2.5029827471345853e-19,129.175272794
2.259853090793301e-19,129.433881862
2.0399401271647665e-19,129.693008667
1.8410659132272469e-19,129.952654243
1.66125306817211e-19,130.21281963
1.4987066610768343e-19,130.473505869
1.35179769804906e-19,130.734714001
1.2190480705435635e-19,130.996445073
1.0979597566200645e-19,131.258700131
9.886863837223007e-20,131.521480224
8.901093237540997e-20,131.784786403
8.006027873329333e-20,132.048619721
7.175753079053615e-20,132.312981234
6.43023107624964e-20,132.577871999
5.76095148318732e-20,132.843293075
5.1602440041468084e-20,133.109245525
4.621196972038765e-20,133.375730412
4.137583627041018e-20,133.642748803
3.7037954451724e-20,133.910301764
3.433041829890806e-20,134.178390367
3.238316891994487e-20,134.447015683
3.054306374533647e-20,134.716178788
2.880439531031205e-20,134.985880758
2.716174983042631e-20,135.256122671
2.5609992629041703e-20,135.526905609
2.414425428880721e-20,135.798230655
2.2759917439644138e-20,136.070098894
2.1452604185266094e-20,136.342511413
2.0218164123866767e-20,136.615469303
1.9052662971854024e-20,136.888973655
1.777077979195098e-20,137.163025563
1.6458426663426964e-20,137.437626123
1.5240820560581836e-20,137.712776434
1.4111284695777423e-20,137.988477596
1.3063600883740664e-20,138.264730712
1.2091978889834662e-20,138.541536887
1.1191027761302635e-20,138.818897229
1.0355729037131509e-20,139.096812846
9.581411680295423e-21,139.375284851
8.863728678589607e-21,139.654314357
8.198635152177555e-21,139.933902481
7.457514956535725e-21,140.214050341
6.747555890305616e-21,140.494759056
6.104184638137485e-21,140.776029751
5.521277188435975e-21,141.057863551
4.993263591391695e-21,141.340261582
4.515079042215542e-21,141.623224974
4.082119244324609e-21,141.906754859
3.6901996783875446e-21,142.190852372
3.3355184616491636e-21,142.475518648
3.0146224832988516e-21,142.760754826
2.7374734828386248e-21,143.046562048
2.5477881840514404e-21,143.332941456
2.3712511830487e-21,143.619894196
2.2070123051084017e-21,143.907421416
2.054280835909079e-21,144.195524265
1.9123225382151297e-21,144.484203897
1.7804569923189765e-21,144.773461466
1.658055257184626e-21,145.063298129
1.5445378687127198e-21,145.353715046
1.4393731896249536e-21,145.644713377
1.34207612744119e-21,145.936294288
1.252207256461788e-21,146.228458943
1.1693723679055308e-21,146.521208513
1.0932225036377575e-21,146.814544168
1.0966408459128187e-21,147.108467081
1.2389481207161063e-21,147.402978429
1.4000984893778196e-21,147.698079388
1.5826365464468302e-21,147.99377114
1.789457180518339e-21,148.290054867
2.0238547165068554e-21,148.586931755
2.2895790757463617e-21,148.884402991
2.5908999826819845e-21,149.182469764
2.932680392142593e-21,149.481133268
3.320460472265681e-21,149.780394696
3.760553713956107e-21,150.080255246
4.260156921873593e-21,150.380716117
4.827476151123276e-21,150.681778511
5.471870932426834e-21,150.983443633
6.3505452903176736e-21,151.285712688
7.382796109667493e-21,151.588586887
8.58574621116759e-21,151.89206744
9.988091744339753e-21,152.196155562
1.1623429792720507e-20,152.500852468
1.3531108274133452e-20,152.806159378
1.5757225365652636e-20,153.112077513
1.8355805227288242e-20,153.418608097
2.13901815004833e-20,153.725752355
2.4934625907960276e-20,154.033511516
2.907626591256911e-20,154.341886812
3.391734346838449e-20,154.650879475
3.957787656456153e-20,154.960490742
4.534791387100964e-20,155.270721851
5.183385441019946e-20,155.581574043
5.926514177468209e-20,155.893048562
6.778206341156986e-20,156.205146653
7.754608679644223e-20,156.517869565
8.874311047879733e-20,156.831218549
1.0158722224988822e-19,157.145194858
1.1632504472089239e-19,157.459799747
1.332407617850868e-19,157.775034477
1.52661933350216e-19,158.090900306
1.7496622573404936e-19,158.407398499
2.0058920210781248e-19,158.724530323
2.295014048691261e-19,159.042297044
2.5872005462308755e-19,159.360699935
2.9173613290715224e-19,159.679740269
3.2905292030310686e-19,159.999419322
3.7124165543737103e-19,160.319738373
4.1895087726079345e-19,160.640698703
4.729170743064777e-19,160.962301596
5.339768262481534e-19,161.284548338
6.030806513101193e-19,161.607440219
6.813088015621203e-19,161.93097853
2.6670866708854637e-19,162.255164565
7.907549037827154e-20,162.579999621
2.391189993127297e-20,162.905484997
7.501583338391666e-21,163.231621996
2.5048030867602046e-21,163.558411921
9.174757048906727e-22,163.885856079
3.768143171559416e-22,164.213955782
1.7343874593116632e-22,164.54271234
8.748007171973605e-23,164.87212707
4.6929564968054767e-23,165.202201288
2.611997159142702e-23,165.532936316
1.4838894637801893e-23,165.864333475
1.2981655621504521e-23,166.196394092
1.5220234151346532e-23,166.529119495
1.7850785351714135e-23,166.862511014
2.094297212164014e-23,167.196569984
2.4579019147867997e-23,167.53129774
2.885601047914081e-23,167.866695621
3.3888613169541564e-23,168.20276497
3.981230704234661e-23,168.53950713
4.6787216113098506e-23,168.876923448
5.500265506988338e-23,169.215015274
6.468252614488563e-23,169.55378396
7.609172770299142e-23,169.893230862
8.911545793629408e-23,170.233357337
1.0417356476858114e-22,170.574164745
1.2181588074243776e-22,170.915654451
1.4249265838759414e-22,171.257827819
1.6673376634390148e-22,171.600686218
1.951629722247432e-22,171.944231021
2.285148238726094e-22,172.288463601
2.6765460936796754e-22,172.633385335
3.13601963927181e-22,172.978997603
3.649295719924111e-22,173.325301787
4.2459577989717175e-22,173.672299272
4.94174357983176e-22,174.019991447
5.753378613187246e-22,174.368379702
6.700453775726163e-22,174.717465431
7.805923465947952e-22,175.06725003
9.096691693902982e-22,175.417734898
1.0604301782328782e-21,175.768921437
1.2365748259812639e-21,176.120811052
1.4424432902606038e-21,176.473405151
1.6831290867401337e-21,176.826705143
1.9573949290563547e-21,177.180712443
2.2690353145657304e-21,177.535428466
2.6311082084653422e-21,177.89085463
3.0519057463073987e-21,178.246992359
3.541104740859147e-21,178.603843075
4.110001440941843e-21,178.961408207
4.7717866627431014e-21,179.319689185
5.5418683710508185e-21,179.678687442
6.433619146203039e-21,180.038404414
7.42627529787955e-21,180.39884154
8.574684171431597e-21,180.760000261
9.90368698800434e-21,181.121882023
1.1442150557705937e-20,181.484488272
1.3223629885063858e-20,181.84782046
1.525000319957046e-20,182.211880039
1.7561408578983896e-20,182.576668466
2.022915859579542e-20,182.9421872
2.3309107161372718e-20,183.308437703
2.686600512486556e-20,183.675421439
3.0974939971912805e-20,184.043139878
3.572301198849482e-20,184.41159449
4.1211286526361136e-20,184.780786748
4.755706842370315e-20,185.150718129
5.489655254654283e-20,185.521390114
6.338791352551018e-20,185.892804185
7.277833512057548e-20,186.264961827
8.338186609378444e-20,186.637864529
9.555778077939291e-20,187.011513782
1.09543278211821e-19,187.385911082
1.2561194173818425e-19,187.761057926
1.4407941168720572e-19,188.136955815
1.653099563216052e-19,188.513606251
1.8972408635071787e-19,188.891010743
2.178073798203779e-19,189.269170798
2.50120715014585e-19,189.64808793
2.873121372969458e-19,190.027763656
3.3013062558836953e-19,190.408199492
3.7944206887425516e-19,190.789396961
4.347024668300463e-19,191.171357588
4.959820815095002e-19,191.554082901
5.660586950859919e-19,191.937574431
6.462176555474789e-19,192.321833711
7.379353688092472e-19,192.706862279
8.429081759663428e-19,193.092661674
9.63085668957222e-19,193.47923344
1.1007091340605045e-18,193.866579124
1.2532138306577414e-18,194.254700274
1.4241778728364659e-18,194.643598443
1.6189055906776006e-18,195.033275186
1.840760640871482e-18,195.423732064
2.0935912690318916e-18,195.814970636
2.3818013378192794e-18,196.206992468
2.710431933405084e-18,196.599799129
3.0852551603412996e-18,196.993392189
3.512881980567125e-18,197.387773223
4.00088622107663e-18,197.782943808
4.544049023033874e-18,198.178905526
5.14322281240689e-18,198.575659959
5.82294227656587e-18,198.973208695
6.5942394548176e-18,199.371553324
7.469685101472211e-18,199.77069544
8.463607120347242e-18,200.170636639
9.592340552224973e-18,200.57137852
1.0874513751658233e-17,200.972922688
1.2331376039047188e-17,201.375270747
1.3987173026366383e-17,201.778424308
1.5827535458077346e-17,202.182384982
1.7857029121519483e-17,202.587154387
2.0151971626453777e-17,202.99273414
2.274775646111955e-17,203.399125865
2.568458511813021e-17,203.806331186
2.90081322234428e-17,204.214351733
3.277030423081278e-17,204.623189137
3.7010764425369805e-17,205.032845035
4.156051499102884e-17,205.443321064
4.6681222596236565e-17,205.854618867
5.24459816901451e-17,206.266740089
5.893742704092984e-17,206.679686378
6.624900253268227e-17,207.093459385
7.448640187314133e-17,207.508060767
8.376920469905218e-17,207.923492182
9.423273534968664e-17,208.339755291
1.0603017501016223e-16,208.756851759
1.1933496233301252e-16,209.174783254
1.3434352279448667e-16,209.593551449
1.512374778569217e-16,210.013158019
1.6888041320654519e-16,210.433604642
1.886269882409992e-16,210.854892999
2.1073338310978367e-16,211.277024776
2.3548762026490604e-16,211.700001661
2.6321360189516953e-16,212.123825347
2.942756688062326e-16,212.548497528
3.290837504724874e-16,212.974019904
3.680991829374637e-16,213.400394176
4.1184128436726726e-16,213.82762205
4.608947873455258e-16,214.255705234
5.159182431125181e-16,214.684645442
5.776535253169634e-16,215.114444389
6.469365818458644e-16,215.545103793
7.247096011655675e-16,215.976625378
8.073529354371243e-16,216.409010871
8.993369633958635e-16,216.842261999
1.002039504281618e-15,217.276380497
1.1167369970524765e-15,217.7113681
1.2448611237503527e-15,218.14722655
1.3880180776496954e-15,218.583957588
1.5480102762496518e-15,219.021562963
1.7268608240252666e-15,219.460044424
1.926841091211288e-15,219.899403726
2.1422988566756048e-15,220.339642626
2.3797089972935302e-15,220.780762884
2.6440468338752636e-15,221.222766266
2.938435796149603e-15,221.665654539
3.2663695531873774e-15,222.109429475
3.631756831078631e-15,222.554092849
4.0389717699334895e-15,222.99964644
4.473347050301203e-15,223.44609203
4.955551196289659e-15,223.893431404
5.490990832037267e-15,224.341666352
6.085680164979641e-15,224.790798668
6.746328152719607e-15,225.240830146
7.480420524523718e-15,225.691762589
8.296311661187564e-15,226.143597799
9.203327599195218e-15,226.596337583
1.6060109130545306e-14,227.049983753
1.0960394006568815e-12,227.504538124
7.559332749476019e-11,227.960002512
5.267884574843608e-09,228.416378742
3.708622309148612e-07,228.873668636
2.6372531015390897e-05,229.331874026
0.001894101798746901,229.790996744
0.01425291349742499,230.251038626
0.01627021217592349,230.712001513
0.018578238777799943,231.173887247
0.0212196336236538,231.636697678
0.024243398436101998,232.100434656
0.027705861271019868,232.565100036
0.031671790151089,233.030695676
0.036215678768733314,233.49722344
0.04142323114399587,233.964685193
0.047127467320419454,234.433082804
0.05360710561707874,234.902418149
0.0609941188875139,235.372693103
0.06941784860736801,235.843909549
0.07902639376846596,236.316069371
0.08998937716378358,236.789174457
0.10250112631369743,237.2632267
0.11678433212091216,237.738227996
0.13309425834425578,238.214180246
0.15172358581164025,238.691085352
0.1730079892590352,239.168945224
0.19733255821767,239.647761771
0.22341299786444416,240.12753691
0.2476761044605635,240.608272559
0.27463747066392885,241.089970642
0.3046041203239011,241.572633085
0.3379187962199726,242.056261818
0.3749642062221836,242.540858777
0.4161677844401991,243.0264259
0.4620070320361237,243.512965129
0.5130155091217388,244.00047841
0.5697895588958024,244.488967693
0.6329958554822156,244.978434933
0.7033798776115319,245.468882086
0.7817754263502273,245.960311116
0.886126547091482,246.452723987
1.0063803907829654,246.946122669
1.1432552116578591,247.440509136
1.2990894373257873,247.935885365
1.4765562098667135,248.432253338
1.678712104299972,248.929615041
1.9090530538980925,249.427972462
2.1715785695736263,249.927327596
2.4708654939898107,250.427682439
2.8121527410886484,250.929038994
3.201438667817095,251.431399264
3.6455930119101976,251.934765261
4.108432776333286,252.439138997
4.623855825969316,252.94452249
5.205241748877447,253.450917762
5.8611964212719005,253.958326837
6.60146961416144,254.466751746
7.437109807043858,254.976194523
8.380640327620583,255.486657204
9.446259817231304,255.998141833
10.65007039598058,256.510650454
11.981159471754992,257.024185119
12.833493474182637,257.53874788
13.749038486555296,258.054340797
14.732678678157829,258.570965932
15.789691361513992,259.08862535
16.92577997788431,259.607321124
16.05395513079564,260.127055327
10.4241804039023,260.647830039
6.770690124607206,261.169647342
4.399558907579214,261.692509325
2.8604240717793648,262.216418077
1.8610711710822916,262.741375696
1.2119358260354307,263.267384281
0.7900599881337249,263.794445935
0.7080141041133243,264.322562768
0.7769917533030286,264.851736891
0.8528631864927924,265.381970422
0.9363344441382294,265.913265481
1.028185597146592,266.445624193
1.1292786869684601,266.979048688
1.2405665359009523,267.5135411
1.3631025251503024,268.049103566
1.4980514502588502,268.585738229
1.6465145035745037,269.123447235
1.8093732915756262,269.662232735
1.988749628307183,270.202096885
2.186359531496218,270.743041843
2.4041014668144123,271.285069774
2.644076181157662,271.828182846
2.908608740694723,272.372383231
3.2002730216168027,272.917673105
3.5219189345293462,273.464054651
3.8765878008821577,274.011530053
4.261975819947658,274.560101502
4.686638287778914,275.109771191
5.1546738919771125,275.66054132
5.67061894611125,276.212414092
6.239495155953691,276.765391713
6.866862716028432,277.319476396
7.55887933152498,277.874670358
8.322365849538725,278.430975819
9.164879257712505,278.988395004
10.105457009298075,279.546930143
11.14515440103182,280.10658347
12.294407493342323,280.667357224
13.565028229246176,281.229253647
14.970130485248786,281.792274988
16.52427664663233,282.356423499
18.243641035483535,282.921701435
20.146192176777454,283.488111059
22.261333542597953,284.055654635
24.70014472005317,284.624334435
27.412217973649582,285.194152732
30.428840388327686,285.765111806
33.78495652114878,286.337213941
37.51960462573924,286.910461426
41.67640589452458,287.484856552
46.30411337899562,288.060401618
51.45722786403361,288.637098927
57.196689097965425,289.214950784
63.5906518374002,289.793959501
70.82770131965201,290.374127395
78.97805898819544,290.955456785
88.09001888851743,291.537949998
98.2797823298055,292.121609362
109.67791907143733,292.706437214
122.43118352940569,293.292435892
136.70456574664695,293.87960774
152.68360771993076,294.467955107
170.5770202033829,295.057480345
190.61964007146042,295.648185815
212.13871618205548,296.240073877
234.62549570338498,296.8331469
259.56011347065765,297.427407256
287.2159587811306,298.022857322
317.89772152956056,298.61949948
351.94506293953094,299.217336117
389.7367267781851,299.816369623
431.6951456395398,300.416602395
470.9217207679183,301.018036833
310.6554636794014,301.620675345
204.8026165839887,302.224520339
134.93403068126165,302.829574232
88.84651906910636,303.435839444
58.46499370226297,304.043318399
38.449597461592425,304.652013528
25.271564419094933,305.261927265
16.60049920832268,305.873062051
10.898414710621797,306.485420329
7.150943802155017,307.09900455
4.68949608433681,307.713817166
4.002858573871548,308.329860639
4.297900454762429,308.947137431
4.615690697428418,309.565650012
4.958060460999225,310.185400857
5.32699452265562,310.806392443
5.724644689441748,311.428627255
6.153344420920096,312.052107783
6.615624780893431,312.676836519
7.114231849955461,313.302815962
7.652145728185874,313.930048618
8.232601276225605,314.558536994
8.859110777189397,315.188283605
9.535488680435499,315.819290969
10.265878646243827,316.451561611
11.054783094736695,317.085098059
11.907095519620055,317.719902849
12.820977215000154,318.355978518
13.801895296455257,318.993327612
14.860976701216922,319.631952679
16.00469593159636,320.271856275
17.24008399502101,320.913040958
18.574777967882802,321.555509294
20.017075105090836,322.199263853
21.575991953211222,322.844307209
23.261328945397125,323.490641943
25.083740976679042,324.138270639
27.05481457469339,324.787195889
29.187152250588724,325.437420289
31.49446475348859,326.088946438
33.991672012172934,326.741776944
36.69501353678661,327.395914418
39.62265236560312,328.051361475
42.799141787846494,328.708120738
46.239786634229596,329.366194834
49.96732905933875,330.025586396
54.00653465191175,330.68629806
58.38437821449412,331.34833247
63.13024705832274,332.011692274
68.2761635933596,332.676380124
73.85702911667588,333.342398681
79.91089073204584,334.009750608
86.4792338522795,334.678438574
93.60730269062815,335.348465255
101.34445146125903,336.01983333
109.74452944826702,336.692545484
118.86630320766197,337.366604409
128.73566215353569,338.042012802
138.8299318808522,338.718773362
149.7467557315983,339.396888798
161.55563155066648,340.076361822
174.33213278249258,340.757195152
188.15845698384814,341.439391512
203.12402531876765,342.122953629
219.32613815761968,342.807884238
236.8706918548839,343.49418608
255.872962690087,344.181861899
276.458464651482,344.870914445
298.763888049385,345.561346476
322.9381265699621,346.253160753
349.1434018399588,346.946360043
377.5564946245658,347.640947118
301.51204371988223,348.336924758
174.36175076332523,349.034295746
100.9354036258442,349.733062872
58.48722478577442,350.43322893
33.921983147740534,351.134796722
19.691561143191777,351.837769053
11.440169813060145,352.542148736
6.65138342785732,353.247938589
3.869829631945233,353.955141433
2.252915378431055,354.663760098
1.3123323799448892,355.373797419
0.7648243055560265,356.085256236
0.4459351735051448,356.798139394
0.3780224057659311,357.512449745
0.37153373009337337,358.228190146
0.3653494907969663,358.94536346
0.35946644858732524,359.663972557
0.35388167777191115,360.38402031
0.34859256993562693,361.105509599
0.343596838157265,361.828443311
0.33889252176472984,362.552824337
0.334477991590049,363.278655575
0.3303519558256049,364.005939928
0.326513466447057,364.734680306
0.322961926288111,365.464879622
0.31098298380064215,366.196540799
0.2780052405355858,366.929666762
0.24880181427022338,367.664260444
0.22290468893650642,368.400324784
0.19990812600617439,369.137862726
0.17945992640259573,369.876877219
0.16125396169571832,370.617371221
0.14502378679889683,371.359347693
0.1305371736545079,372.102809602
0.11759143018653505,372.847759923
0.10600938883843938,373.594201636
0.09563596610300762,374.342137726
0.08694944461906978,375.091571185
0.08322082892533232,375.842505011
0.07967116012312568,376.594942207
0.07629206596155802,377.348885784
0.07307555771766167,378.104338757
0.07001401322506942,378.861304147
0.06710016062221245,379.619784984
0.06432706283079144,380.3797843
0.06168810264567311,381.141305135
0.05917696848698003,381.904350537
0.05678764078046411,382.668923556
0.05451437887988579,383.435027251
0.05235170858480812,384.202664687
0.050294410186038085,384.971838935
0.04900133539741475,385.74255307
0.047793250146606535,386.514810175
0.0466423945789425,387.288613341
0.045546990090282784,388.063965662
0.04450533450580057,388.840870239
0.04351579978454987,389.619330179
0.04257682981159201,390.399348598
0.041686938291484295,391.180928615
0.040844706716919935,391.964073356
0.040048782428541464,392.748785954
0.03929787676014006,393.535069547
0.038590763260330875,394.322927281
0.0380248065877218,395.112362308
0.03808255543686314,395.903377784
0.03816055334397911,396.695976875
0.038259216779492594,397.490162749
0.038378987221789215,398.285938585
0.03852033211641986,399.083307566
0.03868374588439386,399.88227288
0.03886975098214706,400.682837724
0.039078899012946935,401.485005299
0.0393117718966114,402.288778816
0.039568983093791595,403.094161487
0.0398511788973193,403.901156536
0.04015903978242601,404.709767191
0.040778954871750095,405.519996684
0.04158600706775498,406.331848259
0.04242172876897413,407.145325161
0.0432872534367823,407.960430645
0.04418376351403578,408.777167971
0.04511249268258112,409.595540407
0.046074728222405416,410.415551225
0.04707181349579811,411.237203706
0.04810515054321939,412.060501137
0.04917620280791707,412.88544681
0.05028649799905175,413.712044025
0.04404817897279855,414.540296089
0.035519222014410205,415.370206315
0.02863922485048779,416.201778022
0.023089920115683386,417.035014537
0.018614351884742603,417.869919192
0.015005090444729386,418.706495328
0.012094706762632823,419.54474629
0.009748074535403073,420.384675432
0.00785615022391313,421.226286113
0.00644790627358213,422.0695817
0.006489409885656151,422.914565565
0.006534076525870039,423.76124109
0.006581976874214069,424.60961166
0.006633185105461181,425.459680669
0.006687779004812449,426.311451517
0.0067458400892597735,427.164927611
0.006807453734698308,428.020112366
0.006872709308723295,428.877009202
0.00694170031006473,429.735621547
0.007049931375737943,430.595952834
0.0071778851862408745,431.458006506
0.0073099858940615554,432.321786011
0.007446377506121031,433.187294803
0.0075872095277659144,434.054536345
0.0077326371857144235,434.923514106
0.007882821661207517,435.794231562
0.0080379303328556,436.666692195
0.00819813703049006,437.540899495
0.008363622299456737,438.416856959
0.008534573676725703,439.294568092
0.008711185977984563,440.174036403
0.008880880948087422,441.055265411
0.008862551646704419,441.938258641
0.008844911817021515,442.823019624
0.008827957628849371,443.7095519
0.008811685347699223,444.597859015
0.00879609133435525,445.487944522
0.008781172044479243,446.379811981
0.008766924028215654,447.27346496
0.008753343929842321,448.168907034
0.008740428487445186,449.066141783
0.008728174532492562,449.965172798
0.008716578989597821,450.866003675
0.008865636636565671,451.768638015
0.009047307386740797,452.673079431
0.00923414485160081,453.57933154
0.009426311778931369,454.487397967
0.009623976484053647,455.397282344
0.009827313053421122,456.308988311
0.010036501555418131,457.222519514
0.010251728260456078,458.137879608
0.010473185868225567,459.055072254
0.010701073744950555,459.974101121
0.010897156069080918,460.894969885
0.011097359925829917,461.81768223
0.011302926804899336,462.742241846
0.01151401178972169,463.668652431
0.01173077486482867,464.596917692
0.011953381080528784,465.527041341
0.01218200072536491,466.459027099
0.012416809503090568,467.392878693
0.012657988717753884,468.32859986
0.012905725463158222,469.266194342
0.013145843023604858,470.205665889
0.0133401431690069,471.147018259
0.013539157544467094,472.090255218
0.013743001536180766,473.035380539
0.013951793730073934,473.982398002
0.014165656006600077,474.931311395
0.014384713638316532,475.882124514
0.014609095390310299,476.834841162
0.01483893362426653,477.78946515
0.015074364405614049,478.746000297
0.015315527613565838,479.704450428
0.015512583156796857,480.664819377
0.01569167940638966,481.627110987
0.015874827369402537,482.591329106
0.016062106388216042,483.55747759
0.016253597799153155,484.525560306
0.016449384981282195,485.495581124
0.016649553409755474,486.467543925
0.016854190708246113,487.441452597
0.017063386703637974,488.417311035
0.01727723348268985,489.395123143
0.017462732146806995,490.374892833
0.017598383204513568,491.356624022
0.01773713016316212,492.340320639
0.017879011138516143,493.325986618
0.018024065289469485,494.313625901
0.01817233283629196,495.303242439
0.018323855079227302,496.294840192
0.01847867441680926,497.288423124
0.018636834366519667,498.28399521
0.01879837958446612,499.281560433
0.02384505962363197,500.281122783
0.055253729985492175,501.282686258
0.13071437999979896,502.286254865
0.3140848046566547,503.291832617
0.7643840074179917,504.299423538
1.9235812667373537,505.309031656
4.110774508972314,506.320661012
3.1301950078825085,507.334315651
2.426355879470609,508.349999627
1.91966600906749,509.367717005
1.5536024532795345,510.387471854
1.288030821159039,511.409268253
1.1913759393487922,512.43311029
1.2465275613136646,513.459002061
1.3048482551970524,514.486947668
1.3665451338824226,515.516951223
1.4318402252725815,516.549016847
1.500971631144199,517.583148668
1.5741947822437923,518.619350822
1.6517837979724332,519.657627455
1.7277888856879975,520.697982718
1.8049005624725005,521.740420774
1.8862884427961601,522.784945792
1.9722233398866102,523.831561951
2.062995004921154,524.880273437
2.158913559754565,525.931084445
2.2603110450611137,526.983999177
2.367543094793214,528.039021847
2.480990745808528,529.096156673
2.4287974173416105,530.155407884
1.5952441383749774,531.216779718
1.0470792987071629,532.28027642
0.6868292237392026,533.345902243
0.4502305995528483,534.413661451
0.29494336404276966,535.483558314
0.19309010355693634,536.555597112
0.12632799856715068,537.629782133
0.08259579680283927,538.706117674
0.05396791021145817,539.784608041
0.05058985580713844,540.865257546
0.05192091646288758,541.948070513
0.053320452366404085,543.033051273
0.05479144684663157,544.120204166
0.05633705498777324,545.209533541
0.057960612746855586,546.301043754
0.059665646699131984,547.394739173
0.061455884419913585,548.490624171
0.06333526557985177,549.588703132
0.06519965069261155,550.688980449
0.06708615787661484,551.791460522
0.06906092017024537,552.896147762
0.07112796356795677,554.003046588
0.07329153645527266,555.112161426
0.07555612214775378,556.223496714
0.07792645221524586,557.337056896
0.08040752068622668,558.452846427
0.08300459915237182,559.570869771
0.08555595509044428,560.691131399
0.08811526046682006,561.813635792
0.09078794110973233,562.93838744
0.09357924002460549,564.065390843
0.09649468457435911,565.194650508
0.09954010278205258,566.326170952
0.10272164065528883,567.459956702
0.10604578059728258,568.596012292
0.10951936100491955,569.734342267
0.05614730348148657,570.87495118
0.023831077355384103,572.017843594
0.010461935247651672,573.16302408
0.0047864253983416665,574.310497219
0.0022973366578817093,575.4602676
0.001161238285284639,576.612339824
0.0006179415724319573,577.766718497
0.0003445938004143839,578.923408239
0.00020681157754331476,580.082413674
0.00019713052379754763,581.24373944
0.00018814772301137088,582.407390182
0.0001798211643190189,583.573370554
0.00017211153903899263,584.74168522
0.0001649820711707128,585.912338854
0.00015839835896640437,587.085336138
0.00015232822679743518,588.260681764
0.00014674158666303367,589.438380434
0.00014183833391984398,590.618436858
0.0001375158619316951,591.800855756
0.00013352990691074397,592.985641859
0.00012986298275769744,594.172799905
0.00012649867211415853,595.362334643
0.00012342156540250332,596.554250831
0.00012061720362241788,597.748553237
0.0001180720246799333,598.945246638
0.00012244223095354023,600.144335821
0.0001918584412308571,601.345825582
0.00030187534860665147,602.549720727
0.0004768992731066337,603.756026072
0.0007563791086767725,604.964746441
0.0012042947884259507,606.175886671
0.001924761602896374,607.389451604
0.0030877731958871574,608.605446097
0.0049718032397740594,609.823875012
0.005867654610290512,611.044743223
0.006571265440682332,612.268055614
0.0073620646306194895,613.493817078
0.008251182917510081,614.722032518
0.009251211246096661,615.952706847
0.01037639718845831,617.185844988
0.01164286840483848,618.421451873
0.013068886953697482,619.659532445
0.013596069654544508,620.900091655
0.013743823221326541,622.143134467
0.013895241154216677,623.388665852
0.014050400575477713,624.636690793
0.014209380661687457,625.887214281
0.014372262699948637,627.140241319
0.01453913014496708,628.395776919
0.01471006867842222,629.653826103
0.014496395317087374,630.914393902
0.01414435737777691,632.177485361
0.013801777325392605,633.44310553
0.0134683709349323,634.711259472
0.013143863286135036,635.98195226
0.01282798844600608,637.255188977
0.012520489162477182,638.530974715
0.012221116567629758,639.809314578
0.011740828948099425,641.09021368
0.011247996878795054,642.373677143
0.010775836226205926,643.659710101
0.010323475858612303,644.9483177
0.009890081683690115,646.239505092
0.009474855055121372,647.533277443
0.009077031252289458,648.829639929
0.008687864954804317,650.128597733
0.00824557999138573,651.430156053
0.007825390052517813,652.734320095
0.007426212615145863,654.041095074
0.007047017135449251,655.350486219
0.0066868226065960375,656.662498767
0.006344695226326943,657.977137965
0.0059964446066213236,659.294409073
0.005666431496345918,660.61431736
0.005354116961898578,661.936868104
0.005058577902530455,663.262066597
0.004778937935122582,664.589918139
0.004497792992015026,665.920428042
0.004225840996438796,667.253601627
0.003969940296813197,668.589444228
0.0037291678274364894,669.927961187
0.0035026521382471787,671.269157859
0.003289570595242613,672.613039609
0.0030891467274148862,673.959611811
0.0028973494517078088,675.308879853
0.0027067686575363735,676.660849131
0.0025284433764812893,678.015525054
0.002361604565598865,679.37291304
0.002205530192334246,680.733018518
0.0020595424402383485,682.095846929
0.0019230050761682473,683.461403724
0.0017953209691966162,684.829694366
0.0016726101969495235,686.200724328
0.0015576758746765913,687.574499094
0.0014504791516239959,688.951024158
0.001350510680402443,690.330305027
0.0012572938474862952,691.712347219
0.0011703827229587386,693.097156261
0.001089360134877974,694.484737692
0.0010126279127567015,695.875097064
0.0009405358984954479,697.268239936
0.0008734803409100626,698.664171883
0.0008111167126359427,700.062898487
0.0007531235293609575,701.464425343
0.0006992008453591935,702.868758059
0.0006490688449588343,704.27590225
0.000602302070508553,705.685863546
0.0005586848426924876,707.098647586
0.0005181722701562814,708.514260022
0.00048054770108947126,709.932706516
0.00044560928424661493,711.353992741
0.0004131689806762511,712.778124383
0.00038305163994240097,714.205107139
0.0003550941365921166,715.634946717
0.00032952118535539856,717.067648835
0.000305882243170393,718.503219224
0.00028391433050130576,719.941663627
0.00026350145471227377,721.382987798
0.0002445355187401064,722.827197502
0.0002269157950247731,724.274298516
0.0002105484337228989,725.724296628
0.00019600682356025776,727.177197638
0.000182604032597666,728.633007357
0.00017010908563005084,730.09173161
0.00015846137641891209,731.553376231
0.00014760428217370537,733.017947066
0.00013748490643560735,734.485449974
0.0001282708345985599,735.955890824
0.00011978186867806504,737.4292755
0.00011185407628821437,738.905609893
0.0001044506770121831,740.38489991
9.753727918679831e-05,741.867151467
9.108172674716535e-05,743.352370494
8.50539557896715e-05,744.840562931
7.972552299264134e-05,746.331734732
7.476856494896811e-05,747.82589186
7.012389174318038e-05,749.323040293
6.577182369427459e-05,750.82318602
6.169392280791649e-05,752.32633504
5.7872914899386886e-05,753.832493366
5.4336979352109334e-05,755.341667023
5.1165104073025706e-05,756.853862048
4.8184323040682594e-05,758.36908449
4.5383015109865665e-05,759.887340409
4.27502748829853e-05,761.408635878
4.0275868650870556e-05,762.932976983
3.795019304703283e-05,764.46036982
3.587985885860847e-05,765.9908205
3.3988874227829614e-05,767.524335145
3.220433426115223e-05,769.060919888
3.0520132455992097e-05,770.600580875
2.8930523195908007e-05,772.143324266
2.743010041728483e-05,773.689156231
2.601957379229429e-05,775.238082954
2.471842374021655e-05,776.790110631
2.3488984016471987e-05,778.345245468
2.2327232464627976e-05,779.903493688
2.1229382392241423e-05,781.464861523
2.019186885709334e-05,783.029355218
1.921133576338755e-05,784.596981032
1.8289648411864963e-05,786.167745234
1.7419756349842573e-05,787.741654109
1.6597081176346515e-05,789.318713951
1.581906096542825e-05,790.89893107
1.5083282099985398e-05,792.482311785
1.438747082982963e-05,794.06886243
1.3725125516243747e-05,795.658589352
1.3093080228137527e-05,797.251498909
1.2495822293816636e-05,798.847597474
1.1931494975212296e-05,800.446891429
1.1398349992883604e-05,802.049387174
1.0894741421270574e-05,803.655091117
1.0416522514490487e-05,805.264009681
9.952447052548676e-06,806.876149303
9.514921380787109e-06,808.49151643
9.102544710033207e-06,810.110117525
8.71400043590929e-06,811.731959061
8.348051394650372e-06,813.357047526
8.003535405347982e-06,814.98538942
7.660550698913086e-06,816.616991257
7.3384128514452836e-06,818.251859562
7.036200395640532e-06,819.890000877
6.752882918395063e-06,821.531421752
6.48749532521819e-06,823.176128755
6.239134133080738e-06,824.824128462
5.9951678109779975e-06,826.475427468
5.766265461928729e-06,828.130032376
5.553066649392307e-06,829.787949806
5.354795210893305e-06,831.449186388
5.170726730461222e-06,833.113748769
5.0001856592601625e-06,834.781643605
4.830826383660776e-06,836.452877569
4.6731418796468335e-06,838.127457346
4.528315266819548e-06,839.805389633
4.395730421165297e-06,841.486681144
4.274816048090451e-06,843.171338602
4.165043129188093e-06,844.859368747
4.060380782777722e-06,846.55077833
3.966139755759498e-06,848.245574117
3.882377716570407e-06,849.943762888
3.8086545488607307e-06,851.645351436
3.7445665467439326e-06,853.350346565
3.6895246581569813e-06,855.058755097
3.6375554776344936e-06,856.770583866
3.5947750931440693e-06,858.485839718
3.560830432256087e-06,860.204529514
3.5354017398398528e-06,861.92666013
3.5182007669030384e-06,863.652238453
3.5081746316854315e-06,865.381271386
3.5032634714984375e-06,867.113765846
3.506153508699214e-06,868.849728762
3.5166143450224737e-06,870.589167078
3.5344432920031128e-06,872.332087752
3.5594639442079348e-06,874.078497755
3.590986153570206e-06,875.828404074
3.629077016792413e-06,877.581813707
3.6742946197411976e-06,879.338733669
3.7265236595106247e-06,881.099170987
3.7856721325815395e-06,882.863132702
3.851670339270238e-06,884.630625872
3.922202115337642e-06,886.401657565
3.998989810576582e-06,888.176234866
4.082604782594872e-06,889.954364873
4.173069531132883e-06,891.736054699
4.272570202903971e-06,893.52131147
4.47340960773861e-06,895.310142327
7.900142207424844e-06,897.102554426
9.794066020018893e-05,898.898554937
0.002030080482942484,900.698151043
0.0348828659539166,902.501349943
0.4761978738712303,904.30815885
5.150290698686773,906.11858499
44.10595122903594,907.932635606
299.56629789396453,909.750317954
1669.9328258335472,911.571639304
22467765.21364249,913.396606942
21546401.42977921,915.225228167
22450936.65938527,917.057510295
25187818.780591715,918.893460654
26031210.88602143,920.733086588
25243096.672162484,922.576395456
30027913.440550767,924.42339463
39059527.97644845,926.274091499
47382802.540581495,928.128493466
47412053.70144344,929.986607948
50773000.99296791,931.848442378
60028869.64221035,933.714004203
59996865.850413315,935.583300885
51854669.05183445,937.456339901
60725740.69253714,939.333128744
73014661.63664271,941.213674921
69868793.56661128,943.097985954
66827662.78780496,944.98606938
64878316.80562134,946.877932751
52881252.273361586,948.773583636
54987103.253811106,950.673029616
72241759.37011416,952.576278289
75255717.62739758,954.483337269
78021694.3299005,956.394214184
82226428.33839534,958.308916676
84245783.33253542,960.227452406
84535018.99351378,962.149829046
79765779.99245329,964.076054288
76847195.8235258,966.006135834
76206457.74301395,967.940081407
66070603.90290869,969.877898741
48513060.72174806,971.819595588
43474330.61574635,973.765179715
42273892.48781064,975.714658904
39299083.34186668,977.668040953
45541871.411443956,979.625333675
57310550.341826424,981.5865449
63718820.73413703,983.551682472
62492971.060289174,985.520754252
65658973.38376457,987.493768117
61687880.37755464,989.470731958
56105455.46095439,991.451653683
57821813.31693292,993.436541217
63986882.16916566,995.425402498
67574543.9419906,997.418245481
72066645.71195114,999.415078139
72620668.16209294,1000.0
70359570.76241484,1001.00050017
66014865.012222156,1002.00200133
67658883.82439259,1003.0045045
72193512.58578882,1004.00801068
70446955.84156495,1005.01252086
67269471.69730239,1006.01803605
68661772.29260322,1007.02455727
70341085.11031014,1008.0320855
68200876.88712494,1009.04062177
65739652.23442636,1010.05016708
68955058.89096074,1011.06072244
70156253.58694534,1012.07228887
72089080.03175597,1013.08486736
72882227.41444208,1014.09845894
70330660.93428202,1015.11306462
68682161.66416927,1016.12868541
68134211.45036438,1017.14532233
70129357.40956317,1018.16297639
70569691.94829607,1019.18164862
67074523.98673003,1020.20134003
65332805.65156575,1021.22205164
67011246.84088797,1022.24378447
65139537.7911945,1023.26653955
53065442.53892267,1024.29031789
36804516.44627389,1025.31512052
37837238.08601979,1026.34094847
51175327.811094485,1027.36780276
61000604.127364576,1028.39568442
66913256.9520635,1029.42459448
67991940.244521,1030.45453395
68816784.27941309,1031.48550389
68632249.14666274,1032.51750531
67391341.11069475,1033.55053924
67342350.02198224,1034.58460673
63555034.75945462,1035.6197088
62805957.73468326,1036.65584649
67086966.99040155,1037.69302084
69895752.73836917,1038.73123288
70596501.16335669,1039.77048365
71150505.46396807,1040.81077419
75284052.59005195,1041.85210555
77097358.9950286,1042.89447875
77018496.42621467,1043.93789485
75964556.60302371,1044.98235489
75095964.75019063,1046.02785991
76024356.15858155,1047.07441096
76573192.35185596,1048.12200908
74455132.33690858,1049.17065532
72698829.5087541,1050.22035074
74130157.88098535,1051.27109638
75601727.9430974,1052.32289328
75515045.15793766,1053.37574251
74267699.93969247,1054.42964512
72295107.16704573,1055.48460216
72684757.67301588,1056.54061468
74612437.33670379,1057.59768374
72826506.30883002,1058.6558104
68800256.07717484,1059.71499571
65413934.871033505,1060.77524074
62917040.56508506,1061.83654655
63583212.10295679,1062.89891419
67761733.14202382,1063.96234473
67842505.60329053,1065.02683923
62628073.724455506,1066.09239876
62244094.81521209,1067.15902438
65376371.34525358,1068.22671717
66311044.80408597,1069.29547817
66882222.156401075,1070.36530848
67374753.47804387,1071.43620915
63464801.72526357,1072.50818125
62223860.060551405,1073.58122587
66347473.13175523,1074.65534406
68339209.79969415,1075.73053691
67552716.93707414,1076.8068055
66146675.28280745,1077.88415088
64827705.117974944,1078.96257416
64933310.02783712,1080.04207639
66396878.054301,1081.12265867
65361862.22531836,1082.20432207
59145403.980976306,1083.28706767
51089308.69035951,1084.37089657
50281368.711208254,1085.45580983
58021740.65231135,1086.54180855
63511843.086748384,1087.62889381
64025175.00614741,1088.7170667
64005736.84543967,1089.80632831
64571071.161739826,1090.89667972
63385795.01285828,1091.98812203
64014194.0011664,1093.08065633
65561636.45303341,1094.17428371
64475849.12627628,1095.26900526
63017040.17588118,1096.36482208
61870434.114244625,1097.46173527
60773537.93294343,1098.55974592
62365085.1860476,1099.65885513
64827355.35853418,1100.75906399
65062488.91716413,1101.86037362
64924030.09923035,1102.96278511
65183413.678236745,1104.06629956
64708328.13121615,1105.17091808
62021714.76964298,1106.27664176
58032997.26071332,1107.38347173
56841181.4465371,1108.49140908
59028239.83533375,1109.60045492
60735595.12822145,1110.71061036
60112791.39234552,1111.82187651
58260569.83029548,1112.93425448
59491441.346690044,1114.04774539
62196657.65164286,1115.16235034
63034396.759490915,1116.27807046
60278081.94579384,1117.39490685
58807141.53771893,1118.51286065
60974142.65572171,1119.63193295
58582348.540107265,1120.75212488
51580433.24108695,1121.87343757
50492593.254089616,1122.99587213
54701093.285810634,1124.11942969
56654542.10011842,1125.24411137
55636514.93032646,1126.36991829
48635012.54928435,1127.49685158
45085023.78244342,1128.62491237
51700192.9305528,1129.75410178
54909603.55852615,1130.88442095
56560780.592118144,1132.015871
59307028.79897557,1133.14845307
59631848.34157278,1134.28216828
59584448.95220647,1135.41701778
60032612.58466362,1136.5530027
59150969.386496566,1137.69012417
56394438.06886143,1138.82838332
54390793.74162044,1139.96778131
53543486.77240436,1141.10831927
53298144.3108164,1142.24999833
53726824.0302577,1143.39281964
52924817.628693834,1144.53678435
54503994.966337025,1145.68189359
58121312.30982056,1146.82814852
58923653.47774525,1147.97555027
56414926.92673484,1149.1241
54565326.75632041,1150.27379886
53384232.15349238,1151.42464798
51313308.63762759,1152.57664854
49974694.85842696,1153.72980167
50539773.731493406,1154.88410852
50156294.68614653,1156.03957027
50708406.370517224,1157.19618805
53003064.176884994,1158.35396303
54970148.67333978,1159.51289636
55286207.77155977,1160.67298921
54738552.84208954,1161.83424273
54321732.87436652,1162.99665808
53588378.03833642,1164.16023643
52180666.054591894,1165.32497894
50442404.983850606,1166.49088678
48972182.77681638,1167.65796111
47048195.74899857,1168.82620309
49468897.35676726,1169.9956139
53296047.58351174,1171.16619471
51785481.72099415,1172.33794668
44105705.65264461,1173.51087099
30445061.713206057,1174.68496881
24442524.988030214,1175.86024132
34850753.195711546,1177.03668969
45433127.062526494,1178.21431509
49601838.46640288,1179.39311871
49545693.642655775,1180.57310172
47286479.823377006,1181.75426531
47499328.35338991,1182.93661065
48997865.15521014,1184.12013892
51425345.98415491,1185.30485132
51855585.435230434,1186.49074902
49087646.026658125,1187.67783321
48835684.02334638,1188.86610508
49183559.23997628,1190.05556582
47836891.8860839,1191.24621661
45376091.32672696,1192.43805865
43890603.58795613,1193.63109313
44796687.50850256,1194.82532123
45971508.89920627,1196.02074417
46648491.98604898,1197.21736312
46108788.62869895,1198.41517929
43383212.833008714,1199.61419388
41948572.2765826,1200.81440808
43481716.2059281,1202.0158231
44301993.37746397,1203.21844013
41824050.29294768,1204.42226038
37680270.85255318,1205.62728505
37371853.03089219,1206.83351535
46983003.96311958,1208.04095248
73494123.95651603,1209.24959766
146447312.5303089,1210.45945208
308027432.4896651,1211.67051696
572114968.1509837,1212.88279352
865772346.2097609,1214.09628296
1039499792.2636123,1215.31098649
990253525.5972567,1216.52690533
747419453.5362132,1217.74404071
451553062.29656994,1218.96239382
229749505.32774326,1220.1819659
111851623.82530102,1221.40275816
64974468.889214434,1222.62477182
50724320.7325904,1223.84800811
48012489.06824613,1225.07246825
48621106.79309106,1226.29815346
48826131.74563956,1227.52506496
46849207.36029573,1228.753204
44931969.205687836,1229.98257178
46199121.908905335,1231.21316955
47617335.478509605,1232.44499853
45887769.85441961,1233.67805996
45234765.48904103,1234.91235506
46616476.27307601,1236.14788508
46937147.4219751,1237.38465124
45182387.708299264,1238.62265479
45532538.95472126,1239.86189697
46506837.38661347,1241.102379
45778352.006664604,1242.34410214
46315105.84190609,1243.58706762
47126770.8716908,1244.83127669
44477530.737390526,1246.07673059
41924721.64608877,1247.32343056
45491567.88253461,1248.57137786
46878479.36789779,1249.82057374
45477915.02611375,1251.07101943
45609789.17045381,1252.32271619
46050689.05145185,1253.57566528
46900180.63162092,1254.82986794
46989873.507774085,1256.08532543
46789301.81123149,1257.34203901
46388444.698455155,1258.60000993
45726521.7062159,1259.85923945
46120009.53676216,1261.11972883
46800742.32091202,1262.38147933
46244773.44458793,1263.64449221
44918983.508486025,1264.90876873
44635782.25228556,1266.17431017
44327417.34223873,1267.44111778
44100576.43887404,1268.70919283
44859511.7662983,1269.97853658
45859454.77479257,1271.24915032
46459902.76256296,1272.52103531
46868611.11454641,1273.79419282
47794119.250546604,1275.06862412
48785528.059905544,1276.34433049
49133984.18909768,1277.6213132
47492753.90522385,1278.89957354
46241665.189226314,1280.17911278
46781883.56756341,1281.45993219
47124782.456023365,1282.74203307
47288993.28353356,1284.02541669
47055342.59831406,1285.31008433
46207531.62758532,1286.59603728
45943416.43104286,1287.88327683
46514473.772080354,1289.17180427
46946309.43415063,1290.46162087
47167117.58359484,1291.75272794
46925385.54916281,1293.04512676
45379530.59424506,1294.33881862
43485446.91837433,1295.63380483
42768195.565201186,1296.93008667
42837411.905443825,1298.22766543
43211323.898087,1299.52654243
43762635.04584812,1300.82671895
43915088.80965406,1302.1281963
43858060.4051636,1303.43097578
43855961.47608161,1304.73505869
44064056.961658284,1306.04044633
44446011.53685158,1307.34714002
44075243.45238749,1308.65514105
44312082.51648068,1309.96445073
44552486.21112796,1311.27507038
44676936.74959821,1312.58700131
45031000.51945172,1313.90024482
44553919.17868297,1315.21480224
44034202.21251089,1316.53067487
43679435.782497875,1317.84786403
44141118.061546065,1319.16637104
44874612.82447615,1320.48619721
44878915.976353325,1321.80734387
43215301.117950544,1323.12981234
42646238.87977789,1324.45360394
44202683.805581346,1325.77871999
43264686.505427,1327.10516182
41229334.308506094,1328.43293075
41102812.62118821,1329.76202812
42731054.95689787,1331.09245525
43591470.09071816,1332.42421348
41819849.76132946,1333.75730412
39328946.2598855,1335.09172853
39960403.56386298,1336.42748803
40841179.3651312,1337.76458395
41047514.37586529,1339.10301764
42293115.66178346,1340.44279043
40775990.897702925,1341.78390367
38247966.81675355,1343.12635869
38701567.51227652,1344.47015683
39528670.31716174,1345.81529945
39970913.988429144,1347.16178788
40676897.530539304,1348.50962347
40830467.52471659,1349.85880758
40695839.900837824,1351.20934154
40875828.4238464,1352.56122671
40765069.24165833,1353.91446444
40198970.69194021,1355.26905609
39618545.68990702,1356.62500301
39738970.6612984,1357.98230655
39862802.40402993,1359.34096807
39401383.39486072,1360.70098894
38191683.21878686,1362.0623705
37693828.581634626,1363.42511413
37450071.528576866,1364.78922119
37873365.01134323,1366.15469303
39497718.98954091,1367.52153103
40448972.994939506,1368.88973655
39788768.26809197,1370.25931096
38510748.19163376,1371.63025563
37606643.0517354,1373.00257193
37113804.27315595,1374.37626123
37240427.51892411,1375.75132491
37037144.63204742,1377.12776434
36924892.62655974,1378.50558089
37269716.03551365,1379.88477596
37517560.95913541,1381.26535091
37434395.1392753,1382.64730712
36699864.25759231,1384.03064598
36175860.40876525,1385.41536887
35616724.33746779,1386.80147718
35614420.57151574,1388.18897229
36494693.933334865,1389.57785559
35344324.71292396,1390.96812846
30059701.328138117,1392.35979231
25321322.148189522,1393.75284851
28189349.19947562,1395.14729847
32705207.491542216,1396.54314357
34582135.65743113,1397.94038522
34720467.22002544,1399.33902481
32267529.389387257,1400.73906374
28009912.93181079,1402.14050341
29079391.4666346,1403.54334521
33285269.58616247,1404.94759056
34301429.75209527,1406.35324086
34540128.29359419,1407.76029751
34468114.61269612,1409.16876193
35100766.16504588,1410.57863551
36175620.47765503,1411.98991967
36300414.256755546,1413.40261582
35262815.027300544,1414.81672537
34490678.76231453,1416.23224974
34119308.84942846,1417.64919034
34015598.46635442,1419.06754859
33626993.25720403,1420.48732591
34018095.28505016,1421.90852372
33808146.28198629,1423.33114343
32512640.46886324,1424.75518648
30736502.04783519,1426.18065428
30049434.819728255,1427.60754826
30834864.074769743,1429.03586985
31893886.723077275,1430.46562048
33349898.845430236,1431.89680157
34463873.14895266,1433.32941456
35130392.30005448,1434.76346088
35265927.373872064,1436.19894196
34584573.570914775,1437.63585924
33813494.28494866,1439.07421416
33236697.634117268,1440.51400815
33380848.8769769,1441.95524265
34169708.72467624,1443.39791912
33923185.963125914,1444.84203897
33742061.560277015,1446.28760367
33879797.35921474,1447.73461466
33614618.79443083,1449.18307339
33194236.29785308,1450.63298129
32465572.709068142,1452.08433983
32038042.085045166,1453.53715046
31915323.72640493,1454.99141462
32161461.134987023,1456.44713377
32295899.948650204,1457.90430937
31842052.530866534,1459.36294288
31462366.597045656,1460.82303574
31971514.41263263,1462.28458943
32177300.111111023,1463.74760541
31720825.340533197,1465.21208513
31516813.695368133,1466.67803007
31751350.259983744,1468.14544168
31738600.04595422,1469.61432144
31526211.74805826,1471.08467081
31257479.954285033,1472.55649127
31744092.08503715,1474.02978429
31889277.99798923,1475.50455133
30754838.365851488,1476.98079388
30558726.709040683,1478.45851341
31198678.442083694,1479.9377114
31375792.4883986,1481.41838933
30684789.935949974,1482.90054867
30003741.461764455,1484.38419092
30324132.05553719,1485.86931755
31488345.61478688,1487.35593005
31765009.448363785,1488.84402991
31219878.659639753,1490.33361861
30892098.092647012,1491.82469764
30798735.802921053,1493.3172685
30809757.620180823,1494.81133268
30723028.96339468,1496.30689166
29935523.026881162,1497.80394696
29076775.347548295,1499.30250006
29021534.90439823,1500.80255246
29259390.678276826,1502.30410566
29638583.101124972,1503.80716117
30055046.11229509,1505.31172049
30661218.009391055,1506.81778511
30914814.826219235,1508.32535656
30525289.360002622,1509.83443633
29288220.28440382,1511.34502593
28511279.552829936,1512.85712688
28630103.931950625,1514.37074069
28862631.162259426,1515.88586887
29789026.06717837,1517.40251294
30164938.92175971,1518.9206744
30009881.1132355,1520.44035479
30230453.013961002,1521.96155562
29389300.134851493,1523.48427841
27502103.28539527,1525.00852468
26587116.4071594,1526.53429597
27149573.588296343,1528.06159378
26931444.534185305,1529.59041966
25476707.719472434,1531.12077513
24689122.323281847,1532.65266172
25528898.204958495,1534.18608097
26322329.20126824,1535.7210344
26290287.12515311,1537.25752355
25916701.52655935,1538.79554996
25775169.33755678,1540.33511516
25396260.753953557,1541.8762207
24949201.15674492,1543.41886812
24797486.665871274,1544.96305895
22388544.318089813,1546.50879475
19379776.30769108,1548.05607706
18893074.867829658,1549.60490742
19702471.14056014,1551.15528739
22573799.529746216,1552.70721851
25338962.780990526,1554.26070234
25708448.821759783,1555.81574043
25298569.16808827,1557.37233434
24806114.799284436,1558.93048562
24245719.940400552,1560.49019583
24480822.919201884,1562.05146653
24768955.55070916,1563.61429929
24912209.6325776,1565.17869565
24736923.83116614,1566.7446572
24556162.44032332,1568.31218549
24845316.654698167,1569.88128209
25699248.10604498,1571.45194858
25870573.415005945,1573.02418651
25142286.043111257,1574.59799748
24418564.45463819,1576.17338303
24386082.71598588,1577.75034477
24927897.030962627,1579.32888425
24764225.86440475,1580.90900306
24640372.085403387,1582.49070278
24704641.838948037,1584.07398499
24991661.046389095,1585.65885128
25365518.544811804,1587.24530323
25431943.84288378,1588.83334242
24822764.85142008,1590.42297044
24299541.510967806,1592.01418889
24517113.72985949,1593.60699935
24652459.88846602,1595.20140342
24880433.70505896,1596.79740269
24747851.126247987,1598.39499875
24000330.22305525,1599.99419322
23481020.247870725,1601.59498767
24283465.913693674,1603.19738373
24157095.35657393,1604.80138298
23562090.5737947,1606.40698703
23285163.987965543,1608.01419749
22621663.15018848,1609.62301596
22430542.74117703,1611.23344405
23011934.289750066,1612.84548338
23703522.673139215,1614.45913556
24042831.521858286,1616.07440219
23736790.27102931,1617.6912849
22597784.472865507,1619.3097853
22121769.890866708,1620.92990501
23143297.728402797,1622.55164565
23651985.537436526,1624.17500884
23470548.84352704,1625.79999621
22803777.439380854,1627.42660938
22456862.509994976,1629.05484997
22596579.824668083,1630.68471962
23191041.302780747,1632.31621996
23982056.833796427,1633.94935261
24435093.90472131,1635.58411921
24214285.160761297,1637.22052139
22311036.86552453,1638.85856079
21056282.161237415,1640.49823906
23001437.279584777,1642.13955782
24854316.588366,1643.78251872
25247295.440244377,1645.4271234
25286289.60038011,1647.07337352
25075557.75108901,1648.7212707
24477251.547868136,1650.37081661
23632882.619344864,1652.02201288
23080993.17562984,1653.67486118
23191490.429020446,1655.32936316
22729620.356289864,1656.98552046
22914638.690765534,1658.64333475
23426411.74233552,1660.30280768
23417870.322862554,1661.96394092
23456852.75410353,1663.62673612
23418067.844277825,1665.29119495
23230956.892323025,1666.95731906
22678764.84992488,1668.62511014
21902252.015401024,1670.29456984
21338871.960322067,1671.96569984
21845956.94268989,1673.6385018
22687106.67220009,1675.3129774
23257263.311004035,1676.98912831
23866747.123807415,1678.66695621
23568999.051151283,1680.34646278
23154945.06925476,1682.0276497
23610571.21472498,1683.71051864
23322250.145397853,1685.3950713
22333947.317274556,1687.08130935
22323861.42551008,1688.76923448
22397989.573074862,1690.45884838
22344921.90451098,1692.15015274
22280698.7826776,1693.84314925
22228642.34907309,1695.5378396
22349999.54503114,1697.23422549
21922270.00891154,1698.93230862
21504315.817170013,1700.63209068
21628795.19263732,1702.33357337
21761510.207987368,1704.03675839
21435092.510406684,1705.74164745
21115309.917113785,1707.44824225
21189700.43097921,1709.15654451
21293398.296174366,1710.86655591
21547717.97165471,1712.57827819
21611913.019668337,1714.29171304
20916580.9195253,1716.00686219
19641871.69010895,1717.72372734
19437063.501965754,1719.44231021
19598156.705491472,1721.16261253
19510089.106607527,1722.88463601
20068017.628529124,1724.60838238
20747195.496191446,1726.33385335
20863138.92983733,1728.06105066
20847581.247387726,1729.78997603
21036356.45656515,1731.52063119
21278221.926074002,1733.25301787
21432546.387379587,1734.9871378
21215291.866916988,1736.72299272
20434863.304243542,1738.46058437
20105790.969716854,1740.19991447
20444099.27648683,1741.94098477
21018596.906722065,1743.68379702
20969931.10174764,1745.42835295
20266793.130325697,1747.17465431
19873938.634892516,1748.92270284
19575270.307178304,1750.6725003
19584321.28700984,1752.42404842
20403280.884207632,1754.17734898
21203435.651260145,1755.93240371
21030500.49378096,1757.68921437
20079407.16539615,1759.44778272
19655342.115439277,1761.20811052
19900156.830204982,1762.97019953
19903602.419630263,1764.73405151
19828656.713833977,1766.49966822
19602742.26432148,1768.26705143
19629833.04304865,1770.03620291
19653743.005005203,1771.80712443
19695549.732014332,1773.57981775
19618193.528344154,1775.35428466
19548734.50541998,1777.13052691
19584455.071489803,1778.9085463
19526887.906240582,1780.6883446
19442142.69628668,1782.46992359
19373121.121735502,1784.25328504
19398669.29313207,1786.03843075
19240276.84745718,1787.8253625
18814231.800827514,1789.61408207
18361143.992517702,1791.40459126
18693080.613134254,1793.19689185
19252299.094574317,1794.99098564
19325855.08685222,1796.78687442
19286012.710386124,1798.58455999
19507576.72182923,1800.38404414
19493939.773677986,1802.18532868
19301291.806716457,1803.9884154
18992843.295557845,1805.79330611
18897507.720286198,1807.60000261
18803359.724710386,1809.40850672
18437934.142895114,1811.21882023
18350461.621864513,1813.03094496
18338251.061233267,1814.84488272
18234703.194618694,1816.66063533
18261131.24981274,1818.4782046
18045481.093965784,1820.29759235
18180434.397879027,1822.11880039
18361891.084892042,1823.94183055
18242165.838137608,1825.76668466
18112203.94185862,1827.59336453
18017613.564153977,1829.421872
18194857.139782652,1831.25220889
18610530.34038165,1833.08437703
18732349.971024763,1834.91837825
18425471.755094696,1836.75421439
17825751.054691855,1838.59188729
17384659.18481713,1840.43139878
17021529.952453636,1842.2727507
16900809.094310544,1844.1159449
17023972.619494494,1845.96098321
17081410.203084722,1847.80786748
17073770.574902672,1849.65659956
17232060.351917632,1851.50718129
17031501.066030808,1853.35961454
16931137.085069656,1855.21390114
17401827.350875515,1857.07004296
17408733.666588444,1858.92804185
17241153.790708806,1860.78789966
17088960.571566693,1862.64961827
17181927.221805055,1864.51319952
17409232.427283898,1866.37864529
17571996.18349651,1868.24595743
17190982.869646944,1870.11513782
16716604.848784316,1871.98618833
16609513.368027063,1873.85911083
16986067.265998565,1875.73390718
17341112.95998792,1877.61057926
17214900.93622885,1879.48912896
16647900.712682914,1881.36955815
16222219.808252849,1883.25186871
15974825.845995508,1885.13606251
15932756.365329603,1887.02214146
16043770.981701775,1888.91010743
15759774.639281979,1890.7999623
15527004.352161905,1892.69170798
15681462.108937234,1894.58534635
16004708.614647858,1896.48087931
16405403.116939684,1898.37830874
16408650.90326864,1900.27763656
16337878.02299063,1902.17886465
16576075.623099945,1904.08199492
16737823.507873086,1905.98702927
16626273.088907197,1907.89396961
16635346.409792673,1909.80281785
16598262.764980411,1911.71357589
16209254.945247453,1913.62624564
15774571.42537548,1915.54082901
15408262.194539057,1917.45732793
15342457.612687537,1919.37574431
15162294.33684143,1921.29608006
14767436.689902693,1923.21833711
14927470.56043997,1925.14251738
14783323.569378998,1927.06862279
14619091.717929592,1928.99665526
15121386.15510143,1930.92661674
15793077.346316023,1932.85850914
15740236.339880584,1934.7923344
15216846.87203589,1936.72809446
15169163.030715534,1938.66579124
15409765.32203085,1940.60542668
15555537.82798247,1942.54700274
15466257.916702809,1944.49052134
15427920.07358217,1946.43598443
15340324.893107682,1948.38339395
15061404.853489388,1950.33275187
14537590.512254303,1952.28406011
14274226.36253132,1954.23732064
14608862.617664339,1956.1925354
14690300.009965861,1958.14970636
14624233.10924062,1960.10883547
14598041.713445555,1962.06992468
14517487.102570433,1964.03297597
14834103.21270026,1965.99799129
15226516.112520313,1967.96497261
15379875.463539053,1969.93392189
15327636.377563786,1971.90484111
15298611.418841263,1973.87773223
15179615.153604753,1975.85259723
14922304.668535791,1977.82943808
14760950.812110998,1979.80825677
14749603.346864518,1981.78905526
14510605.729930332,1983.77183554
14541401.459656538,1985.75659959
14664509.303040482,1987.7433494
14537903.38021111,1989.73208695
14231433.246778544,1991.72281424
14174302.702204438,1993.71553324
14406853.065473732,1995.71024597
14545924.254568793,1997.7069544
14213962.488066863,1999.70566054
14079553.299049892,2001.70636639
14298456.001550885,2003.70907394
14433055.356889276,2005.7137852
14411591.621113127,2007.72050218
14147174.684205411,2009.72922688
13938956.104402201,2011.7399613
14000187.93331874,2013.75270747
14075055.416763216,2015.76746739
14217465.14159343,2017.78424308
14448090.50493519,2019.80303655
14469401.604698956,2021.82384982
14219995.450355643,2023.84668492
13964152.881227374,2025.87154387
13928623.821713746,2027.89842869
14059681.546323868,2029.9273414
14041421.468274804,2031.95828405
13711023.108396627,2033.99125865
13375853.482159985,2036.02626724
13300327.895673348,2038.06331186
13339254.764149949,2040.10239454
13500875.597607626,2042.14351733
13493975.770404864,2044.18668226
13450896.34664753,2046.23189138
13638917.725651389,2048.27914672
13640160.896493562,2050.32845035
13560857.052666578,2052.37980431
13531062.1748855,2054.43321064
13312157.118870208,2056.48867141
13123094.539138466,2058.54618867
13169580.738606779,2060.60576448
13256130.272406658,2062.66740089
13301318.820237886,2064.73109997
13084180.579582833,2066.79686378
12997431.844640985,2068.86469438
13204299.748297185,2070.93459386
13360570.817046165,2073.00656426
13420922.536225708,2075.08060767
13232405.645466225,2077.15672617
13013044.89585573,2079.23492182
13146224.238502605,2081.31519671
13065218.445498046,2083.39755291
12842208.854262277,2085.48199251
12808386.529968739,2087.56851759
12638682.793870611,2089.65713024
12530428.781097148,2091.74783254
12583983.836997882,2093.8406266
12492353.821021559,2095.93551449
12317983.092799434,2098.03249833
12420076.38507483,2100.13158019
12567119.647704458,2102.23276219
12503446.483658051,2104.33604642
12521030.430146884,2106.44143498
12548880.780358976,2108.54892999
12688377.942610782,2110.65853354
12610104.274983242,2112.77024776
12421813.10140318,2114.88407474
12427661.307082478,2117.00001661
12459382.948691707,2119.11807548
12494228.79907633,2121.23825347
12388031.065522185,2123.3605527
12277691.584474629,2125.48497528
12357575.174812065,2127.61152336
12444436.035868373,2129.74019904
12411115.515971662,2131.87100446
12206078.84088441,2134.00394176
12011527.377537085,2136.13901306
12114084.048404679,2138.2762205
12252454.01781199,2140.41556621
12149844.752583649,2142.55705234
11951500.621968977,2144.70068103
11804702.089991234,2146.84645442
11709490.015034078,2148.99437466
11858163.35589789,2151.14444389
12034239.699593103,2153.29666426
12122311.36341654,2155.45103793
12027827.110011948,2157.60756705
11868942.481178254,2159.76625379
11715186.050868968,2161.92710028
11528111.179694325,2164.09010871
11492259.004564423,2166.25528122
11678534.744282102,2168.42261999
11793799.457091898,2170.59212718
11767549.269112475,2172.76380497
11627857.54265821,2174.93765552
11595220.997912014,2177.11368101
11634150.495498639,2179.29188361
11595379.394213345,2181.4722655
11466854.864276309,2183.65482886
11210711.856736422,2185.83957588
11167527.428803924,2188.02650874
11365004.863989329,2190.21562963
11496148.930485558,2192.40694073
11592626.14605123,2194.60044424
11606758.250850087,2196.79614235
11551121.58732577,2198.99403726
11465686.968850542,2201.19413116
11403534.05348681,2203.39642626
11385037.336557724,2205.60092475
11307511.679952046,2207.80762884
11207966.354669979,2210.01654074
11075187.847493574,2212.22766266
10819380.81703437,2214.4409968
10790070.54462526,2216.65654539
10965939.045070263,2218.87431063
11012840.057915267,2221.09429475
11019909.149217704,2223.31649996
10983745.009662125,2225.54092849
10917694.382657465,2227.76758256
10924782.973574597,2229.9964644
10904307.40085615,2232.22757624
10861929.141560623,2234.4609203
10836032.486830743,2236.69649882
10795009.818828318,2238.93431404
10767562.82331723,2241.17436819
10676923.99461125,2243.41666352
10643020.880776498,2245.66120227
10632397.355152605,2247.90798668
10485981.83241255,2250.15701899
10244196.904444188,2252.40830147
10246971.97736628,2254.66183635
10382814.388860177,2256.91762589
10425488.92359253,2259.17567235
10450645.945274351,2261.43597799
10468336.988348676,2263.69854506
10462992.573390936,2265.96337583
10453374.294206616,2268.23047257
10453394.403835658,2270.49983753
10395352.36846152,2272.771473
10323104.234057989,2275.04538124
10274735.889873916,2277.32156452
10291319.356890881,2279.60002512
10329884.447671987,2281.88076533
10269542.583138209,2284.16378742
10147710.909728836,2286.44909367
10122371.761244781,2288.73668637
10150992.836659983,2291.0265678
9999464.685872529,2293.31874026
9482600.054243993,2295.61320605
9120159.379948825,2297.90996744
9548739.87225026,2300.20902675
9841920.310928453,2302.51038626
9755749.997269243,2304.81404829
9626865.547715092,2307.12001513
9751321.988018604,2309.42828909
9830971.483180499,2311.73887248
9769768.085761769,2314.0517676
9739070.561760396,2316.36697678
9798150.070396036,2318.68450233
9958632.95678506,2321.00434656
10132963.243803794,2323.32651179
10200386.717103356,2325.65100036
10126596.03498114,2327.97781457
9939157.371657325,2330.30695676
9701643.635092033,2332.63842926
9557150.046442486,2334.9722344
9448647.658682665,2337.30837451
9365783.969259595,2339.64685193
9340914.975696048,2341.98766899
9291572.267255886,2344.33082805
9233312.139132736,2346.67633143
9248915.876672024,2349.02418149
9276764.763701577,2351.37438058
9234472.127383644,2353.72693104
9186168.25542454,2356.08183522
9154480.77018233,2358.43909549
9100056.995783545,2360.7987142
9068375.269513054,2363.16069371
9013370.481522318,2365.52503637
8987876.371261315,2367.89174457
8973834.029289234,2370.26082065
8937668.566082353,2372.632267
8872605.021760736,2375.00608598
8867210.432765054,2377.38227996
8834117.83111229,2379.76085133
8713371.369524471,2382.14180246
8567042.187149264,2384.52513573
8506221.389419986,2386.91085352
8583074.770365536,2389.29895823
8697264.083545959,2391.68945224
8738803.1005093,2394.08233793
8703683.858970184,2396.47761771
8658068.428254863,2398.87529397
8616223.297859691,2401.2753691
8554941.119151948,2403.67784551
8498519.230593765,2406.08272559
8536917.03680672,2408.49001176
8539371.276623433,2410.89970642
8508969.40853319,2413.31181198
8510477.603450568,2415.72633085
8515782.458058111,2418.14326544
8530816.33152749,2420.56261818
8487370.359097637,2422.98439149
8424313.305039825,2425.40858777
8407814.501932718,2427.83520947
8378013.116646356,2430.264259
8353052.346363414,2432.6957388
8301949.47667423,2435.12965129
8287550.339509177,2437.56599891
8306474.0097299665,2440.0047841
8325468.109462468,2442.44600929
8262063.64847663,2444.88967693
8196533.687009706,2447.33578946
8208082.228402572,2449.78434933
8237741.5682923505,2452.23535898
8230769.079038888,2454.68882086
8216851.289601173,2457.14473744
8185855.82080524,2459.60311116
8144262.530673488,2462.06394448
8164071.447239929,2464.52723987
8200644.98056583,2466.99299978
8213749.655560351,2469.46122669
8178411.334572684,2471.93192306
8140027.989482622,2474.40509136
8104137.829728168,2476.88073407
8006439.862980334,2479.35885365
7926685.633189185,2481.8394526
7904986.35972571,2484.32253339
7913956.199211589,2486.80809849
7873512.768648734,2489.29615041
7801699.44161581,2491.78669162
7782817.710781793,2494.27972463
7765622.654103195,2496.77525191
7799757.825107665,2499.27327596
7828183.437920992,2501.77379929
7791744.577444042,2504.27682439
7724763.439366302,2506.78235377
7578888.125931822,2509.29038994
7426890.48958212,2511.80093539
7504268.150035421,2514.31399265
7549448.177245562,2516.82956421
7534427.894718354,2519.34765261
7550747.015037339,2521.86826036
7500747.029193135,2524.39138997
7436812.972818698,2526.91704398
7409762.134287019,2529.4452249
7457682.835222597,2531.97593527
7485501.113010694,2534.50917762
7427702.397464788,2537.04495447
7349135.67922063,2539.58326837
7299136.657883369,2542.12412186
7305413.574225067,2544.66751746
7299246.753031968,2547.21345774
7269329.836875437,2549.76194523
7324021.479821239,2552.31298248
7376180.925018367,2554.86657204
7325787.170053082,2557.42271648
7268152.394988453,2559.98141833
7248470.349496047,2562.54268017
7235701.694999652,2565.10650454
7233201.253644876,2567.67289403
7247253.917991933,2570.24185119
7234909.5140072,2572.81337859
7175714.198606728,2575.3874788
7150034.748791495,2577.96415441
7153851.710170747,2580.54340797
7109736.719764091,2583.12524208
7074347.117235885,2585.70965932
7064111.86011731,2588.29666226
7042639.761549946,2590.8862535
7010858.597472421,2593.47843563
6987145.542827767,2596.07321124
6956826.81486315,2598.67058292
6968742.379700754,2601.27055327
6973321.978903861,2603.87312489
6886128.47150597,2606.47830039
6824180.60153562,2609.08608236
6804214.2449231725,2611.69647342
6796760.850898045,2614.30947618
6797080.660518072,2616.92509325
6788205.99624405,2619.54332724
6781304.685383197,2622.16418078
6755260.401654479,2624.78765648
6715031.699146314,2627.41375696
6679644.868283156,2630.04248487
6683045.525085155,2632.67384281
6734266.683957079,2635.30783343
6731839.763240549,2637.94445936
6700237.306940796,2640.58372323
6692012.7672096165,2643.22562768
6686547.018162769,2645.87017536
6699658.526183365,2648.51736891
6711833.306210631,2651.16721098
6720054.612723121,2653.81970422
6740877.216933748,2656.47485128
6746031.389932415,2659.13265481
6730863.718996641,2661.79311747
6699154.506885485,2664.45624193
6672877.546106454,2667.12203084
6646583.998104257,2669.79048688
6592415.330489845,2672.46161271
6528306.362080996,2675.135411
6443948.87635857,2677.81188442
6406245.800995095,2680.49103566
6407822.222316632,2683.17286739
6393717.735112264,2685.85738229
6379888.3201902555,2688.54458305
6358872.514172929,2691.23447235
6294495.430536061,2693.92705289
6218306.010377895,2696.62232735
6203997.616110481,2699.32029844
6244974.93073525,2702.02096885
6266046.171634036,2704.72434128
6243462.944414691,2707.43041843
6200304.426840205,2710.13920302
6191366.555171537,2712.85069774
6204859.502292538,2715.56490532
6196471.932573995,2718.28182846
6173294.764194187,2721.00146988
6108520.52599225,2723.72383231
6060972.804920376,2726.44891846
6075338.617055546,2729.17673105
6060393.1359041985,2731.90727283
6043703.00841898,2734.64054651
6085360.555043292,2737.37655483
6081590.268796113,2740.11530053
6050746.767110566,2742.85678635
5991228.194172128,2745.60101502
5928060.234717339,2748.34798929
5770163.729725724,2750.0
5826506.256593582,2750.45837153
5960075.755661636,2750.91681946
5977602.97544955,2751.37534381
5952973.400159946,2751.83394458
5976227.328233164,2752.29262179
5978422.033989544,2752.75137546
6002132.324189626,2753.21020559
5996409.555896018,2753.6691122
5946443.3616683595,2754.1280953
5966438.896383813,2754.5871549
6001257.3494929895,2755.04629102
5981699.705952053,2755.50550367
5906792.224272807,2755.96479286
5822947.935818537,2756.4241586
5841653.0936425375,2756.88360092
5884013.897038105,2757.34311981
5914712.406219439,2757.80271529
5965236.800169948,2758.26238738
5983882.981517421,2758.72213609
6007447.71460577,2759.18196143
5985030.23399108,2759.64186342
5948194.197338084,2760.10184206
5946676.222638097,2760.56189737
5967763.175860353,2761.02202936
5985580.653905479,2761.48223805
5963294.362186773,2761.94252345
5899209.118296278,2762.40288556
5855070.816883176,2762.86332441
5851475.88970657,2763.32384001
5889935.534306669,2763.78443236
5802905.527371489,2764.24510149
5731512.438606314,2764.7058474
5888698.080424812,2765.16667011
5955365.09874611,2765.62756963
5940884.4075784255,2766.08854597
5932095.44662011,2766.54959915
5919589.658384306,2767.01072917
5913235.147562795,2767.47193606
5896621.124234925,2767.93321982
5852789.854587934,2768.39458047
5878629.243061236,2768.85601802
5857649.281333919,2769.31753248
5791380.594351248,2769.77912387
5813841.641619545,2770.2407922
5892356.531065253,2770.70253747
5920147.44328515,2771.16435971
5928091.286285007,2771.62625893
5928730.007780313,2772.08823514
5933320.533624925,2772.55028835
5924234.091788553,2773.01241857
5890422.137238661,2773.47462582
5892001.982205724,2773.93691012
5925630.895773093,2774.39927146
5926326.354176552,2774.86170988
5881016.5728110215,2775.32422537
5872485.6515377,2775.78681796
5895556.253496851,2776.24948765
5901390.292984647,2776.71223446
5883220.882241037,2777.1750584
5869040.973947146,2777.63795948
5831530.880262248,2778.10093772
5763074.2376267845,2778.56399313
5810365.078275675,2779.02712572
5839233.749496486,2779.49033551
5796042.267955559,2779.95362251
5787409.51973177,2780.41698672
5810128.000290476,2780.88042817
5846315.044058505,2781.34394687
5861027.007284697,2781.80754283
5886072.626660835,2782.27121606
5894869.002672894,2782.73496657
5876491.893261617,2783.19879438
5857004.516143352,2783.66269951
5813927.799682259,2784.12668195
5774911.900111405,2784.59074174
5791249.772919186,2785.05487887
5797014.15102704,2785.51909337
5769810.996928498,2785.98338524
5803604.81188327,2786.4477545
5854143.940904678,2786.91220116
5864629.622759383,2787.37672524
5844895.389821492,2787.84132674
5813520.448887716,2788.30600568
5794279.716355856,2788.77076208
5801611.550122109,2789.23559594
5811767.625341067,2789.70050728
5803511.3915212015,2790.16549612
5779503.95810575,2790.63056245
5670162.976788139,2791.09570631
5522557.039057896,2791.56092769
5636458.423961717,2792.02622662
5740981.807269101,2792.49160311
5749614.64399137,2792.95705716
5798829.837186243,2793.4225888
5893753.935052292,2793.88819803
6169729.539068528,2794.35388487
6861917.409118511,2794.81964933
8053623.831934407,2795.28549142
9287407.005299162,2795.75141116
9861519.3559152,2796.21740856
9704548.278934319,2796.68348364
8781401.945731137,2797.14963639
7486603.544619421,2797.61586685
6439326.819363854,2798.08217502
5700021.948437168,2798.54856091
5475500.280656824,2799.01502455
5631399.683064079,2799.48156593
5658102.22846271,2799.94818507
5668061.312617687,2800.41488199
5747436.641039143,2800.8816567
5864543.588164105,2801.34850922
6138446.544710408,2801.81543954
6671232.638438802,2802.2824477
7328252.730373723,2802.7495337
7684938.074360989,2803.21669755
7702812.4085111795,2803.68393927
7473122.712963303,2804.15125887
6888019.148870819,2804.61865636
6306588.233916747,2805.08613176
5938050.106700663,2805.55368507
5744972.231415881,2806.02131632
5683501.500966311,2806.48902552
5708223.055912659,2806.95681267
5731323.692346506,2807.42467779
5730319.409769646,2807.8926209
5734729.376490489,2808.360642
5731521.021853884,2808.82874112
5731572.867335208,2809.29691825
5711072.975111998,2809.76517343
5647714.574399976,2810.23350665
5654395.792096075,2810.70191793
5706940.9194571925,2811.17040729
5719902.770057338,2811.63897474
5710263.369780526,2812.10762029
5705035.854244862,2812.57634395
5682223.879733117,2813.04514574
5661456.624052506,2813.51402567
5640071.018061434,2813.98298375
5655197.32610827,2814.45202
5708915.596052252,2814.92113443
5730068.008020825,2815.39032705
5726848.02817679,2815.85959788
5728771.79425258,2816.32894692
5698390.390362962,2816.7983742
5662343.0713480525,2817.26787972
5658721.343228842,2817.7374635
5678922.32326826,2818.20712554
5677908.303366583,2818.67686588
5651699.723801775,2819.1466845
5653335.496751779,2819.61658144
5677723.4346956,2820.0865567
5707742.57992157,2820.5566103
5721277.912639671,2821.02674224
5714807.642940948,2821.49695255
5710101.514612542,2821.96724123
5692047.290063644,2822.4376083
5651523.735978827,2822.90805377
5651695.756345554,2823.37857766
5670420.706195322,2823.84917997
5688099.992723456,2824.31986072
5705738.32023535,2824.79061993
5689194.128704367,2825.2614576
5673165.0609287545,2825.73237375
5620623.769345236,2826.2033684
5558133.759838331,2826.67444155
5616855.276030462,2827.14559321
5676321.910027545,2827.61682341
5665398.59385497,2828.08813216
5637084.376468531,2828.55951946
5574268.681015714,2829.03098534
5411589.884659816,2829.5025298
5368416.606918199,2829.97415285
5540911.761130462,2830.44585452
5593712.706803411,2830.91763481
5564570.381457285,2831.38949373
5588250.718890985,2831.86143131
5585795.278214143,2832.33344755
5591076.615617896,2832.80554246
5607433.461358112,2833.27771607
5607765.548448854,2833.74996837
5609135.634949458,2834.22229939
5623834.477235272,2834.69470914
5627859.924124977,2835.16719763
5634533.3264739495,2835.63976488
5577875.983943767,2836.11241089
5488783.155138872,2836.58513569
5401151.30839526,2837.05793928
5363340.589431085,2837.53082167
5431495.988636189,2838.00378289
5448244.002198098,2838.47682294
5516297.185005296,2838.94994183
5577573.626754012,2839.42313959
5577566.384146647,2839.89641622
5514380.848950382,2840.36977173
5471939.903668452,2840.84320615
5454170.830624991,2841.31671947
5504497.263779204,2841.79031172
5582367.3304435015,2842.26398291
5578541.177213958,2842.73773306
5553090.020000033,2843.21156216
5518517.098848042,2843.68547025
5475355.773216329,2844.15945732
5489688.036248145,2844.6335234
5542477.234640438,2845.1076685
5562997.474243741,2845.58189263
5516205.755047256,2846.0561958
5496779.458200859,2846.53057803
5544159.925423455,2847.00503933
5569814.178835012,2847.47957972
5562397.280080999,2847.9541992
5513409.735214169,2848.42889779
5462227.471946972,2848.9036755
5484130.649068518,2849.37853235
5498622.398114434,2849.85346835
5476198.470813424,2850.32848351
5474391.072455364,2850.80357785
5498148.414892629,2851.27875138
5490326.160854598,2851.75400411
5460607.8961518705,2852.22933605
5462318.386341451,2852.70474722
5483752.921291865,2853.18023764
5484595.0099042915,2853.65580731
5492995.448233224,2854.13145624
5518899.040660667,2854.60718446
5516018.233372728,2855.08299198
5486580.080790866,2855.5588788
5441095.89008331,2856.03484494
5356408.686924313,2856.51089042
5320607.692851347,2856.98701524
5346703.452199092,2857.46321943
5372875.193172178,2857.93950298
5434046.999996103,2858.41586593
5443078.20533005,2858.89230828
5393055.559369925,2859.36883004
5436460.741447079,2859.84543123
5513167.121768117,2860.32211185
5545380.8417285085,2860.79887193
5528084.985752161,2861.27571148
5473557.855938509,2861.75263051
5471781.45221366,2862.22962903
5463860.9241006905,2862.70670706
5435094.445670744,2863.1838646
5445187.2383289365,2863.66110168
5383881.01223573,2864.13841831
5353606.137265236,2864.61581449
5438261.9195194375,2865.09329025
5446210.727775013,2865.57084559
5410900.199623421,2866.04848054
5441363.894221802,2866.52619509
5455347.257372127,2867.00398927
5417501.745880889,2867.48186309
5424099.882086243,2867.95981656
5439444.864471225,2868.4378497
5435909.325210149,2868.91596252
5415254.448240404,2869.39415503
5394906.527255948,2869.87242724
5405645.228237708,2870.35077917
5410844.689307769,2870.82921084
5404628.9127229825,2871.30772225
5405521.322934767,2871.78631342
5425718.821925156,2872.26498436
5420202.534671141,2872.74373508
5406966.0680616135,2873.22256561
5419444.527922118,2873.70147594
5382245.526322298,2874.1804661
5381108.8312280765,2874.6595361
5423182.604118387,2875.13868595
5416337.308141796,2875.61791567
5393607.085362889,2876.09722526
5371291.753970948,2876.57661475
5337240.668010832,2877.05608414
5357611.422976375,2877.53563345
5410922.723791643,2878.01526269
5429218.760215544,2878.49497187
5429468.338301806,2878.97476102
5427179.354537083,2879.45463013
5402481.096703369,2879.93457923
5381167.077774319,2880.41460833
5385688.025354921,2880.89471744
5353123.212962795,2881.37490657
5329265.86382748,2881.85517575
5343886.6825452475,2882.33552497
5364696.174659179,2882.81595426
5413807.088969102,2883.29646363
5445478.988371865,2883.77705308
5409963.712293535,2884.25772265
5358405.004616608,2884.73847233
5367719.536777685,2885.21930214
5376311.3457048545,2885.7002121
5387360.695388903,2886.18120222
5394989.27822974,2886.66227251
5395971.741282398,2887.14342298
5401000.54495332,2887.62465365
5380659.39843691,2888.10596454
5334340.40341421,2888.58735564
5329781.248908488,2889.06882699
5345262.564399952,2889.55037859
5307738.796585729,2890.03201046
5288573.523692086,2890.5137226
5357624.480566646,2890.99551503
5390166.940609377,2891.47738778
5350146.343105154,2891.95934083
5347494.326704058,2892.44137423
5342336.677924313,2892.92348796
5298923.638551059,2893.40568206
5294374.652018269,2893.88795653
5320657.803641053,2894.37031138
5323722.62689589,2894.85274664
5263832.552952139,2895.3352623
5173924.636214532,2895.8178584
5245748.836145528,2896.30053493
5332372.047159998,2896.78329191
5301303.4866956435,2897.26612936
5285155.744693786,2897.74904729
5287083.628640264,2898.23204572
5302545.214906298,2898.71512465
5307674.698810489,2899.1982841
5293700.22968519,2899.68152408
5297750.665435154,2900.16484461
5312626.946646504,2900.6482457
5345340.115863998,2901.13172736
5370225.582044562,2901.61528961
5354790.806483328,2902.09893246
5326119.939838362,2902.58265593
5301138.688407142,2903.06646002
5314364.0843861485,2903.55034475
5350716.6730885,2904.03431014
5339408.848473272,2904.51835619
5243464.211102912,2905.00248293
5208262.707332942,2905.48669036
5258373.131714442,2905.9709785
5246377.909555149,2906.45534736
5216539.12308049,2906.93979695
5233892.324998896,2907.42432729
5264083.241288384,2907.9089384
5234407.083946297,2908.39363028
5259123.594403814,2908.87840294
5294175.025209628,2909.36325641
5296166.218968428,2909.8481907
5291324.537162937,2910.33320582
5273181.148998891,2910.81830177
5248991.328978993,2911.30347859
5252389.769706987,2911.78873627
5277683.4286688715,2912.27407484
5295751.825045167,2912.7594943
5327655.008008448,2913.24499467
5319664.790860597,2913.73057597
5305795.595894022,2914.2162382
5319509.834571477,2914.70198139
5322721.407246071,2915.18780554
5309212.240147384,2915.67371066
5291527.438415106,2916.15969678
5285210.371425213,2916.6457639
5294158.466412697,2917.13191204
5292942.186110293,2917.61814121
5263765.599233487,2918.10445142
5270849.120430109,2918.59084269
5294681.896698171,2919.07731504
5315851.190131369,2919.56386847
5329208.336703887,2920.050503
5315376.355286926,2920.53721864
5296161.010525111,2921.02401541
5291464.12415358,2921.51089332
5271535.79075538,2921.99785238
5246847.183705802,2922.48489261
5247368.280817576,2922.97201402
5271375.986826826,2923.45921662
5246913.7029159665,2923.94650043
5187496.934223642,2924.43386545
5182759.993077538,2924.92131172
5225626.438742824,2925.40883923
5235032.171615417,2925.896448
5198694.677177516,2926.38413805
5138194.572096815,2926.87190939
5124964.205352758,2927.35976202
5181785.799549259,2927.84769598
5221002.204902303,2928.33571126
5178580.987042373,2928.82380789
5087796.946773098,2929.31198587
5119830.507590931,2929.80024522
5203491.346697214,2930.28858595
5236222.222792204,2930.77700809
5236254.39639719,2931.26551163
5225204.652111612,2931.75409659
5238055.704194982,2932.242763
5246841.864444941,2932.73151085
5223509.764632798,2933.22034017
5185389.040748513,2933.70925097
5187140.756963113,2934.19824326
5181204.484583335,2934.68731706
5153908.698610919,2935.17647237
5176171.947237718,2935.66570922
5217024.354025566,2936.15502761
5191046.5206524925,2936.64442757
5067579.087347352,2937.13390909
5063776.344293869,2937.62347221
5185384.209063857,2938.11311692
5234998.283343528,2938.60284325
5228155.272112248,2939.09265121
5178827.392619607,2939.58254081
5104394.438660108,2940.07251206
5120585.132374921,2940.56256498
5178734.360620832,2941.05269958
5193309.594901744,2941.54291588
5169135.799035091,2942.03321389
5169627.58631866,2942.52359363
5188368.239513008,2943.0140551
5185096.983336078,2943.50459832
5180973.467421159,2943.9952233
5176720.328892573,2944.48593006
5109282.435553085,2944.97671862
4981814.599131771,2945.46758897
4899093.915450284,2945.95854115
5038949.381592754,2946.44957516
5171143.491375822,2946.94069101
5170508.216111207,2947.43188873
5126429.5472205635,2947.92316831
5079623.314163644,2948.41452979
5075962.428983435,2948.90597316
5090922.105897925,2949.39749845
5086572.697175851,2949.88910567
5095104.735378531,2950.38079482
5100662.174547747,2950.87256593
5111155.859065464,2951.36441902
5127957.3565036785,2951.85635408
5139808.94753544,2952.34837114
5154923.633106229,2952.84047021
5161196.565270665,2953.3326513
5139812.608538004,2953.82491443
5080843.426831149,2954.31725961
5062406.7930685645,2954.80968685
5112256.668785135,2955.30219618
5134751.581437795,2955.79478759
5122964.670125214,2956.28746111
5122647.94403081,2956.78021675
5146668.391612142,2957.27305452
5146441.569654923,2957.76597444
5132981.703589142,2958.25897652
5131972.494341536,2958.75206077
5127261.476739403,2959.24522721
5113963.622817059,2959.73847585
5030361.3813873995,2960.2318067
4993795.348975423,2960.72521979
5092954.317785975,2961.21871511
5127171.212357969,2961.7122927
5102025.116653417,2962.20595255
5107527.821779616,2962.69969469
5134169.09328185,2963.19351912
5118250.184388732,2963.68742586
5087817.3054734245,2964.18141493
5076517.244555892,2964.67548634
5021271.25685508,2965.1696401
4963177.506985242,2965.66387622
5018459.885238659,2966.15819473
5085608.514538825,2966.65259563
5105014.745167004,2967.14707893
5098744.488964726,2967.64164466
5099732.725735394,2968.13629282
5104936.173888291,2968.63102343
5094611.517829674,2969.1258365
5086677.10346749,2969.62073204
5081354.073392396,2970.11571008
5045959.074572497,2970.61077062
5009778.539245713,2971.10591367
5030072.793760234,2971.60113926
5083726.601239237,2972.09644739
5082316.255466966,2972.59183808
5079729.233032304,2973.08731134
5077656.9323251825,2973.58286719
5077902.000196444,2974.07850564
5101317.547488364,2974.5742267
5118447.6178375045,2975.07003038
5123020.036115889,2975.56591671
5104578.416657437,2976.06188569
5053266.728901674,2976.55793734
5023975.972733169,2977.05407168
5032755.998078655,2977.55028871
5054809.197806207,2978.04658844
5073523.955358066,2978.54297091
5078823.713542875,2979.03943611
5044572.003336488,2979.53598406
4991163.880428278,2980.03261477
5001844.249209056,2980.52932827
5053514.719161004,2981.02612455
5059413.70747599,2981.52300365
5040025.148595048,2982.01996556
5012324.829822902,2982.51701031
4991683.1227422375,2983.0141379
5025070.949207425,2983.51134836
4972939.434307687,2984.00864169
4846183.711472726,2984.50601791
4874314.235207955,2985.00347703
4883874.692809759,2985.50101907
4877386.914098284,2985.99864404
4933849.749827966,2986.49635196
4996930.931666138,2986.99414283
5023014.927035547,2987.49201668
5032147.513305474,2987.98997351
5030124.741844091,2988.48801334
5030865.261479947,2988.98613618
5022475.506104657,2989.48434206
5007186.041524718,2989.98263097
5022685.933714815,2990.48100294
5047964.168880429,2990.97945797
5059912.451958532,2991.47799609
5048756.142177319,2991.97661731
5011819.374018487,2992.47532164
4938458.132722409,2992.97410909
4879349.481016343,2993.47297968
4949389.034673473,2993.97193342
5006795.296721727,2994.47097033
5015480.427547672,2994.97009042
5013714.954397344,2995.4692937
5022379.323355305,2995.96858018
5007424.375950671,2996.46794989
4977806.080965606,2996.96740284
4971623.752584259,2997.46693903
4984482.522222958,2997.96655849
4996389.145996372,2998.46626122
5020583.868507915,2998.96604725
5018467.036737449,2999.46591658
4986599.779795093,2999.96586923
4959422.324615673,3000.46590521
4956750.134677948,3000.96602453
4959331.157908206,3001.46622722
4926000.406096482,3001.96651328
4880885.642852098,3002.46688273
4855400.223189186,3002.96733558
4846377.822266801,3003.46787184
4905227.828067686,3003.96849154
4928355.708781589,3004.46919468
4901054.835361823,3004.96998128
4932639.872941587,3005.47085134
4988416.82566852,3005.9718049
4990323.966828501,3006.47284195
4964234.284821745,3006.97396252
4887825.428393311,3007.47516661
4761242.281223861,3007.97645424
4779164.666937088,3008.47782543
4868284.085696999,3008.97928019
4907174.813986964,3009.48081853
4937797.467824323,3009.98244047
4951900.081784133,3010.48414601
4960552.846854136,3010.98593519
4980177.617970743,3011.487808
4982215.372358971,3011.98976446
4971962.781397151,3012.49180459
4963105.270797255,3012.9939284
4932030.96764253,3013.4961359
4888058.040062441,3013.99842712
4916273.676787852,3014.50080205
4952314.768941248,3015.00326072
4947057.921896653,3015.50580314
4931686.632278007,3016.00842933
4928838.391838009,3016.51113929
4942266.577190908,3017.01393305
4939809.165532234,3017.51681061
4885951.7603656845,3018.01977199
4851885.850243768,3018.5228172
4903826.107453858,3019.02594626
4929541.7627118295,3019.52915919
4926716.680077851,3020.03245599
4919967.927471444,3020.53583668
4902882.534347737,3021.03930127
4892394.396436919,3021.54284978
4898015.125038875,3022.04648223
4922498.165287119,3022.55019862
4941984.492931093,3023.05399896
4925113.449257844,3023.55788329
4861984.625439404,3024.0618516
4816124.41132296,3024.56590391
4812992.233033629,3025.07004024
4838227.317236845,3025.57426059
4886683.956190546,3026.07856499
4891814.115432589,3026.58295345
4883232.257678887,3027.08742598
4866313.328068968,3027.5919826
4884502.614701428,3028.09662332
4904457.231606408,3028.60134815
4895162.80332568,3029.1061571
4883904.981848701,3029.6110502
4885535.441746347,3030.11602746
4889535.766849021,3030.62108888
4892423.617981085,3031.12623449
4885838.004310658,3031.6314643
4877960.474513894,3032.13677832
4878220.543099951,3032.64217656
4868852.3069413705,3033.14765905
4870808.493430567,3033.65322579
4873139.561388714,3034.1588768
4854472.897102614,3034.66461208
4812019.834676764,3035.17043167
4795064.015887944,3035.67633557
4801372.325236299,3036.18232379
4839685.109531547,3036.68839635
4867176.537903091,3037.19455326
4846799.523869755,3037.70079454
4821522.815902347,3038.20712019
4818347.2686370965,3038.71353025
4826988.945054378,3039.22002471
4827529.428135984,3039.72660359
4831884.384317743,3040.23326691
4854400.731473403,3040.74001469
4862487.716024352,3041.24684692
4840985.360120205,3041.75376364
4821178.774263062,3042.26076485
4768890.975385776,3042.76785057
4771494.212989483,3043.2750208
4825388.716817802,3043.78227558
4852991.929031094,3044.2896149
4845995.552880237,3044.79703879
4844241.427313251,3045.30454725
4833981.855528844,3045.81214031
4840239.058432337,3046.31981797
4853318.751583496,3046.82758025
4806979.054136564,3047.33542717
4706280.743110105,3047.84335873
4704945.012884928,3048.35137496
4786951.014954164,3048.85947586
4820003.7642538175,3049.36766146
4812489.837821462,3049.87593175
4826080.255106021,3050.38428677
4817668.894798229,3050.89272652
4806799.883719555,3051.40125102
4832301.219475349,3051.90986028
4856404.531283638,3052.41855431
4866408.011967433,3052.92733313
4859681.736134782,3053.43619676
4839914.061421347,3053.9451452
4819200.719917781,3054.45417848
4802264.163208663,3054.9632966
4800297.321062384,3055.47249958
4805388.930954698,3055.98178744
4814304.815964319,3056.49116018
4816607.4292552965,3057.00061783
4785521.97723656,3057.51016039
4769391.364046159,3058.01978789
4778753.691467428,3058.52950033
4792090.490542912,3059.03929773
4767653.287858268,3059.5491801
4692356.638586121,3060.05914746
4717862.64997043,3060.56919982
4794931.565954674,3061.0793372
4818835.790061086,3061.5895596
4813908.97678475,3062.09986705
4796369.537817919,3062.61025956
4778840.364052165,3063.12073714
4768018.02487031,3063.63129981
4741695.1989966715,3064.14194758
4754018.051630214,3064.65268047
4790942.141356374,3065.16349848
4798026.109768615,3065.67440164
4783554.24878595,3066.18538995
4770537.326686359,3066.69646344
4746488.581410404,3067.20762211
4752500.890946179,3067.71886598
4769508.445205524,3068.23019507
4788125.31458471,3068.74160939
4797859.377880341,3069.25310895
4808127.836021013,3069.76469376
4816464.192173311,3070.27636385
4808969.679433595,3070.78811922
4776017.231567416,3071.29995989
4734992.986603448,3071.81188588
4719578.777595887,3072.32389719
4726788.324193119,3072.83599385
4737420.920483835,3073.34817586
4749035.49884103,3073.86044325
4776511.828729826,3074.37279602
4788361.696152727,3074.88523418
4768132.983240879,3075.39775777
4730325.640147916,3075.91036677
4726894.734891679,3076.42306123
4739641.900325674,3076.93584113
4735287.989907444,3077.44870651
4730274.934399253,3077.96165737
4737102.694710004,3078.47469373
4725171.595145567,3078.98781561
4704708.27613057,3079.50102301
4741839.572066372,3080.01431595
4771783.759325637,3080.52769445
4766035.103093071,3081.04115852
4760886.641398437,3081.55470818
4759055.369085363,3082.06834343
4751921.775162733,3082.5820643
4745398.426755274,3083.09587079
4743984.516276172,3083.60976293
4739588.827176914,3084.12374072
4745128.821355872,3084.63780418
4762468.067132951,3085.15195332
4771114.535487472,3085.66618817
4762794.904622719,3086.18050872
4684016.380862232,3086.69491501
4581551.969515161,3087.20940703
4640484.572624639,3087.72398482
4701449.926186707,3088.23864837
4682607.473505162,3088.7533977
4697498.9124955,3089.26823284
4727733.706567612,3089.78315379
4718512.406030761,3090.29816056
4725331.487644105,3090.81325318
4739707.91185302,3091.32843165
4729786.211081191,3091.84369599
4716860.891894814,3092.35904622
4722271.33566793,3092.87448235
4683570.534907233,3093.39000439
4578302.049405317,3093.90561235
4522668.87238031,3094.42130626
4617319.309940579,3094.93708613
4703319.132723427,3095.45295196
4715650.37071785,3095.96890378
4690462.91515367,3096.4849416
4574467.229736997,3097.00106543
4488322.284073188,3097.51727529
4572756.339798572,3098.0335712
4672075.368471865,3098.54995316
4710505.803309252,3099.06642119
4714955.583970785,3099.5829753
4711091.193079163,3100.09961552
4702701.189112208,3100.61634184
4688339.029520732,3101.1331543
4685346.656190287,3101.6500529
4687445.195087868,3102.16703766
4675703.364210846,3102.68410858
4670980.660212755,3103.2012657
4685404.481309355,3103.71850901
4688891.199848267,3104.23583854
4674972.708013638,3104.75325429
4626051.649493467,3105.27075629
4578569.433617546,3105.78834455
4620366.943967089,3106.30601908
4660583.560424175,3106.8237799
4673530.663217135,3107.34162701
4698532.8490498625,3107.85956044
4714908.222115809,3108.3775802
4745484.490674773,3108.89568631
4769508.019074682,3109.41387877
4775832.184290796,3109.93215761
4764545.558040254,3110.45052283
4722093.168705055,3110.96897445
4681851.9742689775,3111.48751249
4676160.001378521,3112.00613696
4677755.823568971,3112.52484787
4678639.173305579,3113.04364525
4692168.376384305,3113.56252909
4688138.146402445,3114.08149943
4670032.108350008,3114.60055627
4647550.830990815,3115.11969962
4632357.878621182,3115.6389295
4616806.883757999,3116.15824593
4610102.304740184,3116.67764892
4576181.7777212765,3117.19713849
4541136.85672205,3117.71671464
4601323.047909215,3118.2363774
4618790.134197579,3118.75612677
4593499.639581551,3119.27596278
4605503.408394125,3119.79588543
4621054.644431308,3120.31589475
4597167.717639056,3120.83599073
4589785.154772741,3121.35617341
4591470.981945563,3121.8764428
4567757.739683377,3122.3967989
4572824.578976412,3122.91724174
4592113.89315282,3123.43777132
4620933.659452635,3123.95838766
4646838.197893166,3124.47909079
4645688.519607239,3124.9998807
4605825.273649324,3125.52075742
4565921.358670494,3126.04172096
4586792.395818933,3126.56277133
4612279.233950678,3127.08390855
4633385.063108762,3127.60513264
4641687.902343088,3128.1264436
4634011.041841468,3128.64784146
4610366.051948299,3129.16932622
4576891.924438329,3129.6908979
4574060.257186779,3130.21255652
4589388.528459776,3130.73430209
4577417.694628144,3131.25613463
4574387.7614163775,3131.77805414
4575715.022183253,3132.30006065
4550268.759321722,3132.82215417
4526199.985081403,3133.34433471
4524163.03057358,3133.86660228
4561311.20407549,3134.38895691
4551513.593227697,3134.91139861
4518154.71407887,3135.43392738
4530588.984524543,3135.95654326
4562265.184836474,3136.47924624
4571972.614806939,3137.00203634
4559359.840358834,3137.52491359
4582508.50250484,3138.04787799
4596026.252351843,3138.57092955
4576295.730715665,3139.0940683
4584080.289903923,3139.61729425
4593817.569347614,3140.1406074
4571693.493119163,3140.66400779
4580394.444909822,3141.18749541
4600220.638312368,3141.71107029
4605499.190826217,3142.23473244
4600243.740367696,3142.75848187
4584783.478345022,3143.2823186
4578486.695511788,3143.80624265
4571500.993719915,3144.33025402
4565359.191128409,3144.85435274
4555019.68334502,3145.37853881
4539795.27143609,3145.90281226
4545847.778669572,3146.42717309
4558836.4144029375,3146.95162132
4559868.582675747,3147.47615697
4546131.2964178,3148.00078004
4548728.881124701,3148.52549056
4567790.765349356,3149.05028855
4578440.698603388,3149.575174
4508856.003952868,3150.10014694
4459886.70898154,3150.62520739
4531712.87419327,3151.15035535
4577788.274723012,3151.67559084
4580970.398649911,3152.20091388
4567361.78086223,3152.72632449
4559253.377086552,3153.25182266
4572055.773798172,3153.77740843
4570242.933552782,3154.3030818
4542107.56157954,3154.8288428
4534665.38167374,3155.35469142
4555679.241351351,3155.8806277
4542853.311550372,3156.40665164
4541614.667585513,3156.93276325
4554000.545666565,3157.45896256
4545469.398339355,3157.98524958
4535733.043727144,3158.51162432
4522172.112941165,3159.03808679
4485003.32635408,3159.56463702
4488683.944816193,3160.09127501
4529246.054021176,3160.61800078
4537204.198143846,3161.14481435
4520612.7636235645,3161.67171573
4495223.920888763,3162.19870493
4479183.706310411,3162.72578197
4470573.844909816,3163.25294686
4476191.758397346,3163.78019962
4513547.910586147,3164.30754026
4527502.693856613,3164.8349688
4512033.860868049,3165.36248526
4465828.270329532,3165.89008964
4377258.6903048055,3166.41778196
4395641.321343477,3166.94556224
4486021.908350474,3167.47343048
4515206.020259138,3168.00138672
4480304.561853534,3168.52943095
4449116.675393195,3169.0575632
4467216.315908193,3169.58578348
4503673.654001374,3170.1140918
4507952.083420294,3170.64248818
4501151.49105279,3171.17097263
4524858.5872759875,3171.69954518
4536657.300086556,3172.22820582
4531276.6640476985,3172.75695458
4529630.797550386,3173.28579148
4523416.196188622,3173.81471652
4506696.446078721,3174.34372972
4498797.781686544,3174.8728311
4509312.113505646,3175.40202067
4509501.602612055,3175.93129844
4506617.141183294,3176.46066444
4510922.832913702,3176.99011867
4517994.372779104,3177.51966115
4493821.332796102,3178.0492919
4464029.782123276,3178.57901092
4473224.073337629,3179.10881824
4460488.409881842,3179.63871386
4409991.671685614,3180.16869781
4421088.46840352,3180.6987701
4445880.759538015,3181.22893074
4439720.49950654,3181.75917975
4436014.410194114,3182.28951714
4461797.18640236,3182.81994293
4467937.931132909,3183.35045713
4450649.551571137,3183.88105975
4464219.047427184,3184.41175082
4482071.496980116,3184.94253034
4469244.656544977,3185.47339833
4442914.366418228,3186.00435481
4454840.3082848275,3186.53539979
4453423.537824364,3187.06653328
4405733.360671493,3187.59775531
4298670.833801464,3188.12906587
4210040.146115878,3188.660465
4331671.478905053,3189.1919527
4455368.497272373,3189.72352899
4495236.915669688,3190.25519388
4493373.274759998,3190.78694739
4466048.460958968,3191.31878953
4441400.733376855,3191.85072033
4454893.138700918,3192.38273978
4454387.467159511,3192.91484791
4436965.204630746,3193.44704473
4423629.652844944,3193.97933026
4422156.683754047,3194.51170452
4430499.41884879,3195.0441675
4452902.871082433,3195.57671924
4464978.12256117,3196.10935975
4440872.0488253655,3196.64208903
4405871.776018539,3197.17490712
4399275.447102876,3197.70781401
4439282.0472101895,3198.24080973
4481681.8914645715,3198.77389428
4481366.257266352,3199.3070677
4482986.54039268,3199.84032998
4485390.693002005,3200.37368114
4476291.557410433,3200.90712121
4469247.88934588,3201.44065019
4470646.0951711945,3201.9742681
4459072.925288422,3202.50797495
4401142.278732604,3203.04177076
4263170.815360921,3203.57565555
4192906.7333975453,3204.10962932
4320622.840992049,3204.64369209
4443160.703939367,3205.17784389
4474816.846031432,3205.71208471
4478308.131966286,3206.24641459
4488915.686678318,3206.78083352
4499134.154417791,3207.31534154
4503666.821296972,3207.84993864
4505286.21566212,3208.38462485
4492000.072736079,3208.91940019
4460574.181696162,3209.45426466
4438182.207975902,3209.98921828
4438131.928970226,3210.52426107
4413331.265345036,3211.05939304
4400707.984831469,3211.59461421
4430384.60932753,3212.12992458
4427315.5060266955,3212.66532419
4433372.2209321745,3213.20081303
4422069.522055134,3213.73639113
4393876.511616049,3214.2720585
4401323.261734499,3214.80781515
4414070.3012571195,3215.34366111
4442178.322301812,3215.87959638
4451572.088727438,3216.41562098
4442045.62516674,3216.95173492
4415978.631132307,3217.48793823
4392140.952474617,3218.02423091
4394910.82091103,3218.56061298
4389248.231266523,3219.09708445
4419562.141243176,3219.63364534
4438195.94868174,3220.17029567
4442204.29708267,3220.70703545
4448276.2688185815,3221.24386469
4445556.241594549,3221.78078341
4435271.891781968,3222.31779162
4423436.123353866,3222.85488934
4412963.7710938435,3223.39207659
4407580.625307792,3223.92935337
4424140.1716125095,3224.46671971
4420164.317646796,3225.00417562
4402372.086816608,3225.54172111
4393381.004298667,3226.0793562
4394828.918398588,3226.6170809
4399566.164668027,3227.15489523
4392941.163790888,3227.6927992
4363518.685849331,3228.23079283
4337384.8738575205,3228.76887614
4348745.635240247,3229.30704913
4339265.867854975,3229.84531183
4321432.375760963,3230.38366424
4329022.568764404,3230.92210639
4345858.66367125,3231.46063828
4345424.623422914,3231.99925994
4337602.075145351,3232.53797137
4338997.915390902,3233.0767726
4335443.035099814,3233.61566363
4330289.003581681,3234.15464449
4298183.6821801495,3234.69371519
4285043.95738495,3235.23287573
4329283.357621232,3235.77212615
4367479.894831365,3236.31146645
4351980.119737698,3236.85089664
4321615.383132164,3237.39041675
4331702.534687259,3237.93002679
4338732.926916189,3238.46972677
4316327.998864733,3239.0095167
4280266.051814215,3239.54939661
4297347.023850614,3240.08936651
4344935.545753723,3240.6294264
4376025.584731435,3241.16957632
4370048.942914989,3241.70981627
4325824.485127414,3242.25014626
4295780.569639549,3242.79056632
4339259.049187307,3243.33107646
4366384.501685781,3243.87167669
4346545.661146451,3244.41236702
4338306.272428917,3244.95314748
4370324.211408781,3245.49401808
4388294.050044861,3246.03497882
4386785.818481379,3246.57602974
4383526.325385432,3247.11717084
4355001.528066304,3247.65840213
4317025.746148555,3248.19972364
4328617.190755966,3248.74113538
4329017.9948856905,3249.28263736
4326157.478384359,3249.8242296
4333358.782830191,3250.36591211
4343808.464684664,3250.90768491
4349594.809129074,3251.44954801
4346120.547894165,3251.99150143
4334236.1576518295,3252.53354518
4324209.422162999,3253.07567928
4305441.369269784,3253.61790375
4310069.085521021,3254.16021859
4325126.645412351,3254.70262382
4322384.882687137,3255.24511947
4341848.322359113,3255.78770554
4341937.401431882,3256.33038204
4329792.958978556,3256.873149
4350602.3832569625,3257.41600643
4354261.069467573,3257.95895434
4334586.968314008,3258.50199275
4307071.114256414,3259.04512168
4286477.62944643,3259.58834113
4311381.099448079,3260.13165113
4342797.913949397,3260.67505169
4320350.250471971,3261.21854282
4280665.226212206,3261.76212454
4289482.51062274,3262.30579687
4324057.3836850645,3262.84955981
4353365.4461619705,3263.39341339
4349572.905658392,3263.93735762
4328913.226974984,3264.48139251
4312927.569364992,3265.02551809
4285041.494159612,3265.56973436
4246480.160140193,3266.11404134
4268169.303250994,3266.65843904
4297068.833844437,3267.20292749
4247417.637428597,3267.74750669
4240047.45144322,3268.29217666
4296688.662502591,3268.83693742
4320352.990039332,3269.38178898
4320736.822764281,3269.92673136
4313757.187480879,3270.47176456
4308781.022917814,3271.01688862
4300742.457883951,3271.56210353
4284825.698850289,3272.10740932
4284231.876042124,3272.65280601
4297774.416923671,3273.1982936
4308911.975713369,3273.74387211
4293532.888387855,3274.28954156
4297254.305191903,3274.83530196
4311947.094880178,3275.38115333
4315955.893086737,3275.92709568
4301513.916029841,3276.47312904
4261629.067616512,3277.0192534
4245254.181541678,3277.56546879
4245126.590610528,3278.11177523
4264959.524305888,3278.65817272
4286213.085896265,3279.20466129
4281815.257633889,3279.75124095
4276977.237027664,3280.29791171
4277806.954337242,3280.84467359
4289674.306200835,3281.39152661
4280022.561932292,3281.93847077
4259055.668154898,3282.4855061
4261993.042337176,3283.03263261
4272091.115440247,3283.57985032
4288804.997514158,3284.12715923
4304964.307299482,3284.67455937
4288923.43590202,3285.22205076
4274650.036844769,3285.7696334
4265310.039445766,3286.31730731
4261634.704385873,3286.8650725
4273939.2282716045,3287.412929
4257760.253651034,3287.96087682
4231209.776710739,3288.50891597
4238090.223421699,3289.05704646
4246721.01692656,3289.60526832
4269378.976393204,3290.15358156
4290990.904486973,3290.70198619
4289621.584759022,3291.25048222
4291219.7822755175,3291.79906969
4295672.274680403,3292.34774859
4292778.11040466,3292.89651894
4302152.813755865,3293.44538076
4305439.017178825,3293.99433407
4303453.785009586,3294.54337888
4308299.133125699,3295.0925152
4290828.404842024,3295.64174306
4256123.731455192,3296.19106246
4248028.5028862925,3296.74047342
4252670.964477477,3297.28997595
4254143.615588291,3297.83957008
4261820.576354,3298.38925581
4260594.221265589,3298.93903317
4273392.170695334,3299.48890216
4272093.918309619,3300.03886281
4277836.790941143,3300.58891512
4300593.176630781,3301.13905912
4299935.398164854,3301.68929481
4274242.7142411815,3302.23962222
4247070.461158875,3302.79004136
4244868.45856128,3303.34055224
4245661.711469511,3303.89115488
4254018.601092207,3304.4418493
4265404.236525203,3304.9926355
4255442.814812922,3305.54351352
4238602.993926595,3306.09448335
4237493.710815591,3306.64554502
4225864.787315032,3307.19669853
4227386.939767603,3307.74794392
4245158.649473611,3308.29928119
4258148.950753088,3308.85071035
4258977.198036382,3309.40223143
4259611.589412937,3309.95384443
4262898.6494876845,3310.50554938
4257690.386037984,3311.05734629
4248264.136496615,3311.60923517
4243662.244438616,3312.16121604
4223449.082997811,3312.71328891
4192086.3821653137,3313.26545381
4218895.57247496,3313.81771074
4247570.478925368,3314.37005972
4242288.893067595,3314.92250076
4234170.655985182,3315.47503389
4233060.331088082,3316.02765911
4239888.350130474,3316.58037645
4254899.275197702,3317.13318591
4260505.2207408175,3317.68608751
4257548.164019964,3318.23908128
4244880.723838123,3318.79216721
4244728.24952973,3319.34534534
4248172.3447938375,3319.89861567
4248914.211722974,3320.45197821
4249331.811628992,3321.005433
4250492.570498183,3321.55898003
4243642.031551152,3322.11261933
4228495.204018002,3322.66635091
4213214.086478636,3323.22017478
4177370.4929232374,3323.77409097
4152502.0926330085,3324.32809949
4136860.716594723,3324.88220034
4146199.0154202348,3325.43639356
4179841.402199033,3325.99067915
4234986.531275805,3326.54505712
4240964.216565507,3327.0995275
4205966.311495483,3327.6540903
4204480.7935709795,3328.20874554
4221612.478752757,3328.76349322
4210853.501277181,3329.31833338
4184133.1872233413,3329.87326601
4173501.0866714045,3330.42829114
4190926.91786357,3330.98340878
4214456.822435026,3331.53861894
4226306.87050448,3332.09392165
4217177.747938795,3332.64931692
4210823.275595981,3333.20480477
4216260.961440298,3333.7603852
4227606.677774319,3334.31605823
4224679.377844654,3334.87182389
4178698.8659883854,3335.42768218
4139270.37393663,3335.98363312
4159477.4460772607,3336.53967673
4170665.3372393083,3337.09581302
4184099.7962647243,3337.652042
4203803.674909264,3338.2083637
4205704.396264618,3338.76477813
4208466.240189435,3339.3212853
4207744.283028806,3339.87788523
4186914.0091808243,3340.43457793
4152497.9065163657,3340.99136343
4138622.535414559,3341.54824173
4169824.534316019,3342.10521285
4175821.3968482185,3342.6622768
4174396.159535866,3343.21943361
4199897.332193629,3343.77668329
4206979.032825541,3344.33402584
4188993.5130832097,3344.8914613
4178842.0794577273,3345.44898967
4194930.004583268,3346.00661097
4209617.899489997,3346.56432521
4206161.200258579,3347.12213242
4190125.319710226,3347.68003259
4181279.6077271975,3348.23802577
4166566.8207463603,3348.79611194
4155585.778815719,3349.35429114
4113785.108116094,3349.91256338
4117007.665998455,3350.47092867
4152003.67555962,3351.02938703
4155607.4773894213,3351.58793847
4172801.7113371706,3352.14658301
4192546.196844415,3352.70532067
4201000.2896852335,3353.26415146
4193027.7724063033,3353.82307539
4172385.480060249,3354.38209249
4139467.019011969,3354.94120276
4110602.314465389,3355.50040623
4136313.632829571,3356.0597029
4178056.9467008845,3356.6190928
4187804.224233527,3357.17857594
4194819.718952205,3357.73815233
4184948.621930911,3358.29782199
4165101.4078050964,3358.85758494
4144596.4937581113,3359.41744119
4157603.0005320674,3359.97739076
4157139.1156881866,3360.53743366
4124287.8016447145,3361.09756991
4099229.769225434,3361.65779952
4091973.602910976,3362.21812251
4111290.0317761935,3362.7785389
4137642.18729901,3363.3390487
4161306.043983821,3363.89965192
4170816.140881033,3364.46034859
4169729.29494066,3365.02113871
4179449.016227899,3365.58202231
4183094.424630159,3366.14299939
4168514.582426911,3366.70406998
4156325.889049755,3367.26523409
4121185.0862256186,3367.82649173
4101149.38013909,3368.38784292
4123866.9970294265,3368.94928768
4130368.638404594,3369.51082602
4107832.2000874225,3370.07245796
4115307.7651516446,3370.63418351
4136560.654175866,3371.1960027
4147349.7447121697,3371.75791552
4151735.463782616,3372.31992201
4125565.7673290675,3372.88202217
4099318.3241111953,3373.44421602
4114025.4553857255,3374.00650358
4130916.516669237,3374.56888486
4122463.9116625814,3375.13135988
4142608.660620533,3375.69392865
4171078.664987172,3376.25659119
4179472.100258886,3376.81934752
4163813.143448098,3377.38219765
4141986.2899255776,3377.94514159
4145988.894063006,3378.50817937
4148580.0137559767,3379.07131099
4145650.270137645,3379.63453647
4135793.920679736,3380.19785584
4110752.554354424,3380.7612691
4103186.8984234803,3381.32477627
4121113.9011712484,3381.88837736
4147394.225151115,3382.4520724
4152819.4104305874,3383.01586139
4134824.5134484605,3383.57974436
4125561.4839305254,3384.14372131
4112221.207602844,3384.70779227
4133181.623111442,3385.27195725
4144064.2973250384,3385.83621626
4149234.687527788,3386.40056932
4161364.3101347312,3386.96501646
4152945.5331278923,3387.52955767
4122081.2915415945,3388.09419298
4096031.3366546514,3388.6589224
4097470.2109518056,3389.22374596
4130615.2628294406,3389.78866366
4152100.4061231394,3390.35367552
4134501.422516423,3390.91878156
4130088.483569542,3391.48398178
4133508.3910739846,3392.04927622
4132054.1424892996,3392.61466488
4130542.365615085,3393.18014778
4117402.612335736,3393.74572494
4115662.5696008774,3394.31139636
4106394.368857235,3394.87716207
4099194.116645657,3395.44302209
4122442.98097741,3396.00897642
4140150.1561426893,3396.57502509
4146587.7540166634,3397.1411681
4148430.302271731,3397.70740548
4155130.6815254265,3398.27373724
4155772.1569328876,3398.8401634
4154725.122610392,3399.40668397
4150677.2900573653,3399.97329896
4148916.65171634,3400.54000841
4164947.4228824796,3401.10681231
4177188.9925857885,3401.67371068
4161510.3868224644,3402.24070355
4134851.7145844423,3402.80779092
4120657.280062745,3403.37497282
4108845.8150208513,3403.94224925
4103441.5106214187,3404.50962024
4123323.6438588053,3405.0770858
4121917.4732085867,3405.64464594
4128814.020905942,3406.21230068
4141875.426011535,3406.78005004
4122270.986161559,3407.34789404
4081695.53442005,3407.91583268
4081816.729680574,3408.48386599
4109481.7912257537,3409.05199397
4104742.534040028,3409.62021666
4097519.3219256178,3410.18853405
4101627.006282993,3410.75694617
4123069.8160297973,3411.32545304
4135083.7727743643,3411.89405466
4130862.3479027743,3412.46275106
4126537.091718243,3413.03154225
4119215.932973478,3413.60042825
4107961.0767512876,3414.16940907
4107157.118028812,3414.73848472
4108167.89018968,3415.30765523
4103145.7859446625,3415.87692061
4104637.198438562,3416.44628088
4105271.292374417,3417.01573605
4105303.3849565205,3417.58528613
4098488.252641076,3418.15493115
4101062.3367147925,3418.72467111
4115048.449451186,3419.29450604
4121624.8702757773,3419.86443595
4124671.4428499267,3420.43446086
4127253.3640108868,3421.00458078
4116577.279351536,3421.57479573
4098922.871018514,3422.14510572
4105616.7886720956,3422.71551077
4096044.2127871937,3423.28601089
4083593.112455971,3423.85660611
4090830.097874369,3424.42729643
4088404.1502895444,3424.99808188
4092238.4420540044,3425.56896246
4093354.8368823165,3426.13993821
4095120.8979394035,3426.71100912
4090309.149297324,3427.28217521
4086387.8113071737,3427.85343651
4098853.23706643,3428.42479303
4097554.49180172,3428.99624478
4087063.8916976573,3429.56779178
4107041.5437628673,3430.13943405
4113757.08471181,3430.7111716
4096485.4223597203,3431.28300445
4091897.66346719,3431.85493261
4088439.3345105443,3432.4269561
4076379.752324144,3432.99907493
4062369.9628407345,3433.57128913
4036016.454847175,3434.1435987
4032378.9652272146,3434.71600367
4059148.6407357,3435.28850404
4076876.267311817,3435.86109984
4068610.8979588985,3436.43379108
4053932.763087623,3437.00657777
4047690.527094007,3437.57945994
4035492.7453908985,3438.1524376
4035917.2023788756,3438.72551076
4029108.0794869703,3439.29867944
4021311.9677235857,3439.87194366
4022820.7425763025,3440.44530343
4009218.260135321,3441.01875877
3987284.90957705,3441.59230969
3982648.469262956,3442.16595621
3966809.1990151783,3442.73969834
3965665.4478166685,3443.31353611
3981374.709389563,3443.88746953
3958839.105009278,3444.46149861
3936366.7856865944,3445.03562337
3962282.3667661413,3445.60984382
3984140.578635207,3446.18415999
3977506.9769001533,3446.75857188
3963592.095199206,3447.33307952
3947309.1676370725,3447.90768291
3922014.8988685156,3448.48238208
3946944.0926337293,3449.05717704
3973174.073563433,3449.63206781
3968436.969402514,3450.20705441
3975081.9714847887,3450.78213684
3975717.9323768285,3451.35731512
3963823.9181253305,3451.93258928
3955838.3814041303,3452.50795932
3946547.3181200423,3453.08342527
3935047.6339054066,3453.65898714
3934591.2436865056,3454.23464494
3944986.1384658343,3454.81039869
3948129.2327738893,3455.38624841
3945880.422535842,3455.96219411
3957730.829229423,3456.53823581
3948623.8176113013,3457.11437353
3927342.058091671,3457.69060728
3933575.7882492538,3458.26693707
3939568.2179908007,3458.84336293
3938345.5614096513,3459.41988487
3944865.952602579,3459.9965029
3929324.032564097,3460.57321704
3901276.896281983,3461.15002731
3910892.576123689,3461.72693372
3918407.0530351647,3462.30393629
3929741.450003946,3462.88103504
3942792.18245225,3463.45822997
3944016.87613373,3464.03552112
3946232.2041533487,3464.61290849
3943387.93458754,3465.19039209
3946440.612944208,3465.76797196
3925182.130766721,3466.34564809
3912633.2832442685,3466.92342051
3934028.345765723,3467.50128923
3944571.8101839735,3468.07925428
3950238.37628551,3468.65731566
3945447.6711999807,3469.23547339
3934586.608622659,3469.81372749
3936863.0757348677,3470.39207797
3929613.2287615025,3470.97052485
3920840.3507150323,3471.54906815
3920271.0617675357,3472.12770788
3930697.6146213845,3472.70644406
3943737.3083744664,3473.2852767
3948728.5768594677,3473.86420582
3930485.5073039504,3474.44323144
3900457.473394803,3475.02235357
3906939.7709694,3475.60157223
3903317.099260153,3476.18088744
3906704.2449407675,3476.7602992
3915273.388100226,3477.33980754
3903052.623103746,3477.91941247
3918000.6047671065,3478.49911402
3925750.5820998023,3479.07891218
3904990.2048696983,3479.65880699
3905923.5410929318,3480.23879846
3917485.3981097345,3480.8188866
3923422.955985534,3481.39907143
3926916.3076656517,3481.97935296
3933046.251989233,3482.55973122
3928999.740982225,3483.14020621
3909480.233315052,3483.72077796
3905074.7031683847,3484.30144647
3920238.1910186275,3484.88221178
3933920.198435005,3485.46307388
3934759.793917408,3486.04403281
3938874.1230642404,3486.62508857
3939551.5255721887,3487.20624118
3920334.437306059,3487.78749065
3914107.7008492793,3488.36883701
3914808.2700775536,3488.95028027
3917425.657549664,3489.53182044
3923590.700089463,3490.11345755
3925567.630238299,3490.6951916
3921647.804935687,3491.27702262
3914923.2107457835,3491.85895061
3932546.3423669147,3492.44097561
3943845.001160199,3493.02309761
3925956.453836449,3493.60531664
3907376.0822144803,3494.18763272
3918754.1870870986,3494.77004586
3924121.338426617,3495.35255608
3909246.836394864,3495.93516338
3883776.554967247,3496.5178678
3877327.7309664707,3497.10066935
3869776.8182991864,3497.68356803
3846145.6688357056,3498.26656387
3867378.277344134,3498.84965689
3890187.268359098,3499.4328471
3894773.62036902,3500.01613451
3904253.7890163674,3500.59951915
3909440.431461643,3501.18300102
3920424.1079193023,3501.76658015
3927845.593055634,3502.35025656
3924408.277158987,3502.93403025
3930678.6680765683,3503.51790124
3939074.7109866156,3504.10186955
3937825.7748869825,3504.6859352
3925671.1769789183,3505.2700982
3902638.684001858,3505.85435857
3902149.9226663383,3506.43871633
3897821.73428204,3507.02317148
3886189.5111419028,3507.60772406
3896823.2340361606,3508.19237406
3908915.6439217357,3508.77712152
3913054.284779266,3509.36196644
3920574.013460594,3509.94690885
3915677.644810153,3510.53194875
3894420.8184731286,3511.11708617
3883357.4350676076,3511.70232112
3889037.5452493806,3512.28765361
3871483.2316764425,3512.87308367
3842608.8506171755,3513.45861131
3856728.2554047387,3514.04423655
3869551.8178596045,3514.6299594
3876204.424028016,3515.21577988
3894676.8876361586,3515.801698
3908790.1799807292,3516.38771378
3921386.5836312915,3516.97382724
3919969.3809063933,3517.56003839
3908415.948985003,3518.14634726
3908251.2144293673,3518.73275385
3913668.738796862,3519.31925818
3920380.1665032296,3519.90586027
3914628.363220737,3520.49256014
3895950.1810804717,3521.0793578
3897437.856037651,3521.66625327
3893361.591188583,3522.25324656
3895414.489480848,3522.84033769
3908715.5129930642,3523.42752667
3902490.922226711,3524.01481353
3887111.3524709768,3524.60219828
3875357.328900243,3525.18968094
3880044.747448111,3525.77726152
3891155.7733492036,3526.36494003
3870737.047266004,3526.9527165
3867590.5730158687,3527.54059094
3896370.948096666,3528.12856337
3907290.5926389107,3528.7166338
3910261.7751042424,3529.30480225
3906757.8599558477,3529.89306874
3882005.1369553367,3530.48143328
3830511.89797717,3531.06989589
3807195.6180782435,3531.65845659
3854033.749683007,3532.24711538
3886075.881233172,3532.8358723
3894194.0712417895,3533.42472735
3887352.467564305,3534.01368055
3890551.5059508663,3534.60273191
3897775.1174558033,3535.19188146
3890443.817523925,3535.78112921
3872633.841246189,3536.37047518
3874723.9241466094,3536.95991937
3884023.8326438973,3537.54946182
3887465.694046271,3538.13910253
3888249.7675999133,3538.72884153
3891771.2434987025,3539.31867882
3902168.800997578,3539.90861443
3911470.9156431067,3540.49864836
3907713.492876548,3541.08878065
3895318.4070632523,3541.6790113
3896134.546036213,3542.26934032
3894027.3599982513,3542.85976775
3881991.215666409,3543.45029359
3886309.601876005,3544.04091785
3899914.8995729974,3544.63164056
3905872.7164166397,3545.22246174
3894925.0665241694,3545.81338139
3882564.1073950278,3546.40439954
3893790.524080816,3546.9955162
3906100.605364336,3547.58673138
3900759.558864883,3548.17804511
3886039.111357085,3548.7694574
3882577.780673803,3549.36096827
3883464.803268489,3549.95257773
3880184.086700693,3550.5442858
3887655.703046633,3551.1360925
3891993.795196047,3551.72799784
3884523.6572712315,3552.32000184
3879963.734795362,3552.91210451
3880966.297529309,3553.50430588
3871308.09934099,3554.09660595
3834549.4089658526,3554.68900475
3775972.75674224,3555.28150229
3800195.722420521,3555.87409859
3867352.0415343344,3556.46679366
3882869.4084681086,3557.05958753
3863551.8627365897,3557.6524802
3872841.0964202923,3558.24547169
3883124.984779239,3558.83856203
3870787.554104131,3559.43175122
3872555.4317330713,3560.02503928
3874884.4555472913,3560.61842624
3865857.2144323043,3561.2119121
3855958.2244983404,3561.80549688
3854355.8499236526,3562.3991806
3864474.0237233676,3562.99296328
3876152.3813683973,3563.58684493
3877664.5615433133,3564.18082557
3882983.438105255,3564.77490521
3873489.3925394914,3565.36908387
3851636.186183539,3565.96336158
3832909.656487862,3566.55773833
3831512.1939916355,3567.15221416
3853148.9833286614,3567.74678908
3862718.7509960216,3568.3414631
3854078.7685777135,3568.93623624
3844997.009545891,3569.53110851
3844412.5380410003,3570.12607994
3838672.7473321045,3570.72115054
3843014.4020131077,3571.31632033
3861414.135807536,3571.91158932
3860803.5426606936,3572.50695753
3847343.313110326,3573.10242498
3845856.9322549617,3573.69799168
3849180.5464344267,3574.29365765
3840998.3545622155,3574.88942291
3842088.020199741,3575.48528746
3845144.8826319403,3576.08125134
3848573.437090941,3576.67731455
3836405.885860687,3577.27347712
3836973.135281703,3577.86973905
3851509.126839866,3578.46610037
3849777.32020202,3579.06256109
3853253.1369695803,3579.65912123
3868717.9179239306,3580.2557808
3870055.154107211,3580.85253983
3846530.702297862,3581.44939832
3818074.7642618134,3582.0463563
3826704.514909538,3582.64341378
3850734.897231797,3583.24057078
3866382.395006019,3583.83782731
3865753.4627231234,3584.43518339
3850887.3803465217,3585.03263904
3818972.9828867367,3585.63019428
3789669.0093750055,3586.22784911
3789912.8530636914,3586.82560357
3777684.6683126306,3587.42345765
3706921.192653393,3588.02141139
3717129.5888758884,3588.6194648
3798653.0613830336,3589.21761788
3823721.9301280165,3589.81587067
3811782.2391463364,3590.41422318
3796921.7104636165,3591.01267542
3806580.6598436073,3591.61122741
3843245.7649550424,3592.20987917
3854384.5543543473,3592.80863071
3852065.6040063724,3593.40748205
3839033.9115757816,3594.00643321
3839651.533337859,3594.6054842
3853802.364320194,3595.20463504
3852645.504791643,3595.80388575
3849395.244708708,3596.40323634
3846650.907306165,3597.00268684
3859418.9397968575,3597.60223724
3864582.9615776786,3598.20188759
3861914.321618251,3598.80163788
3866710.0705771595,3599.40148814
3857610.232418033,3600.00143838
3851114.4100123886,3600.60148862
3854421.883442621,3601.20163888
3839023.0418170295,3601.80188917
3820424.471221027,3602.40223952
3812396.3622682,3603.00268993
3829394.727794252,3603.60324042
3831059.795401177,3604.20389101
3817492.200788457,3604.80464172
3830663.197194037,3605.40549257
3836068.910590794,3606.00644356
3836668.8982118834,3606.60749472
3844064.9007612853,3607.20864606
3845692.853369733,3607.80989761
3854087.5444796947,3608.41124937
3848667.3727528085,3609.01270136
3813100.9260074957,3609.61425361
3790996.9180416246,3610.21590612
3802485.2499138564,3610.81765891
3815553.3472145954,3611.41951201
3828435.942063329,3612.02146542
3832195.0057334304,3612.62351917
3818399.2130055884,3613.22567327
3790789.0597200976,3613.82792773
3744639.2132311696,3614.43028258
3764978.3387247887,3615.03273783
3821106.4251615684,3615.6352935
3843396.3111876706,3616.2379496
3854219.6454303754,3616.84070616
3857206.196266611,3617.44356318
3850510.3684822316,3618.04652068
3831748.0365211517,3618.64957869
3814117.822881885,3619.25273722
3806454.14908162,3619.85599628
3814096.3292293088,3620.45935589
3829665.2139549544,3621.06281607
3833837.480906638,3621.66637683
3823280.703164082,3622.2700382
3828677.1924165776,3622.87380018
3844276.8627286684,3623.4776628
3850095.3063681396,3624.08162608
3836635.444738247,3624.68569002
3819997.0761874295,3625.28985465
3821494.8769226563,3625.89411998
3850164.3046775176,3626.49848602
3868595.1055642217,3627.10295281
3866419.135845003,3627.70752035
3852113.4854672845,3628.31218866
3844416.9699131357,3628.91695775
3848659.0750052077,3629.52182765
3850324.670237282,3630.12679836
3838633.239914953,3630.73186992
3809671.2451970065,3631.33704233
3777968.399299554,3631.9423156
3748397.4195665517,3632.54768977
3751172.5964646796,3633.15316484
3782992.067708983,3633.75874083
3768007.7791233715,3634.36441776
3693461.323688405,3634.97019564
3680900.739765141,3635.5760745
3746276.0700185304,3636.18205434
3782191.6766034123,3636.78813519
3789059.6476424467,3637.39431706
3791989.896620041,3638.00059997
3794682.003954975,3638.60698393
3792730.748398561,3639.21346897
3802374.1980695818,3639.82005509
3761109.2608940257,3640.42674232
3691753.931500647,3641.03353068
3619747.4428326176,3641.64042017
3554889.21284788,3642.24741082
3511104.144365664,3642.85450265
3453203.290386294,3643.46169566
3391135.0407251515,3644.06898989
3348007.955735997,3644.67638533
3303682.179062236,3645.28388202
3244906.9715189543,3645.89147996
3198858.5520531596,3646.49917919
3180136.7842166973,3647.1069797
3148542.847853769,3647.71488152
3092771.2599109807,3648.32288466
3046413.4149608146,3648.93098915
3019673.525961281,3649.539195
2987560.3693575435,3650.14750222
2953477.551255108,3650.75591084
2926264.452267312,3651.36442086
2900846.55682502,3651.97303232
2854366.877565352,3652.58174521
2833608.206191269,3653.19055957
2834255.972973952,3653.79947541
2814863.3335587056,3654.40849274
2797118.0602371884,3655.01761158
2781339.317855714,3655.62683195
2759177.8098631203,3656.23615386
2734670.156194783,3656.84557734
2714909.835269261,3657.45510239
2705640.3751046844,3658.06472904
2686544.6132298973,3658.67445731
2666653.6529033524,3659.2842872
2651800.9977290435,3659.89421874
2618751.4296159563,3660.50425195
2597183.1046562707,3661.11438683
2586150.0873932857,3661.72462341
2563909.271551672,3662.33496171
2533411.15422533,3662.94540174
2526575.3149173073,3663.55594352
2521927.2805411275,3664.16658706
2496754.021246799,3664.77733238
2474323.3984406292,3665.38817951
2482201.2493051784,3665.99912845
2492374.5133302924,3666.61017922
2469639.809897905,3667.22133185
2447100.9927214463,3667.83258634
2436351.697394558,3668.44394272
2425143.1238734866,3669.05540099
2414342.6655059513,3669.66696119
2395923.097675214,3670.27862332
2395128.21411016,3670.8903874
2404386.2890846888,3671.50225345
2407067.3625423303,3672.11422149
2414783.148755419,3672.72629153
2425742.307838507,3673.3384636
2419641.50922657,3673.95073769
2400241.9568111063,3674.56311385
2396119.6365773734,3675.17559207
2413319.648940248,3675.78817238
2419634.806313145,3676.4008548
2398538.1956039583,3677.01363934
2376895.2018189225,3677.62652602
2370899.6357756834,3678.23951486
2369207.565803254,3678.85260586
2389373.6945229108,3679.46579906
2369383.9842938054,3680.07909447
2349849.5886197663,3680.6924921
2373027.832261861,3681.30599197
2400637.7986075412,3681.9195941
2401404.568728644,3682.53329851
2366712.7462346237,3683.14710521
2339148.6421385715,3683.76101422
2361243.1553555927,3684.37502555
2392996.7741642166,3684.98913923
2389773.407887682,3685.60335527
2361920.8563999706,3686.21767369
2351655.0385467713,3686.8320945
2325354.901851368,3687.44661773
2305117.8281997233,3688.06124338
2338335.441592203,3688.67597148
2386434.3415386,3689.29080204
2406798.227878796,3689.90573509
2408517.531520164,3690.52077063
2402696.2760871686,3691.13590868
2375202.0686151884,3691.75114927
2338706.172500542,3692.3664924
2350672.466208428,3692.9819381
2393583.344540433,3693.59748639
2409064.4253643844,3694.21313727
2393665.465149068,3694.82889077
2390773.110922708,3695.44474691
2403972.7478634627,3696.06070569
2401162.049161407,3696.67676715
2356338.2518451493,3697.29293129
2285692.699810951,3697.90919813
2276389.0097231744,3698.52556769
2338142.4607685274,3699.14203999
2404643.2519900133,3699.75861505
2447188.8841677494,3700.37529287
2447953.5180749088,3700.99207348
2437795.1366470917,3701.6089569
2431299.6260873512,3702.22594314
2421463.3124695546,3702.84303222
2388687.8143568523,3703.46022416
2306079.710579001,3704.07751897
2198916.493229944,3704.69491667
2176126.574161231,3705.31241728
2195836.405671198,3705.93002081
2251078.499170823,3706.54772729
2330463.3246999574,3707.16553673
2396972.8589383,3707.78344914
2408675.6252770424,3708.40146455
2431256.9318376016,3709.01958297
2441944.081800582,3709.63780442
2389664.982757991,3710.25612891
2365748.547642409,3710.87455647
2355015.0214540823,3711.4930871
2285229.93515604,3712.11172084
2183185.877627207,3712.73045768
2163637.3475591666,3713.34929766
2245299.6248979466,3713.96824079
2377266.3053131867,3714.58728708
2465908.650155466,3715.20643656
2463194.140698281,3715.82568923
2454018.8050653595,3716.44504512
2514618.9120758655,3717.06450425
2557303.8179816287,3717.68406663
2565489.9222593596,3718.30373228
2556252.153362278,3718.92350121
2559614.1579330224,3719.54337345
2571249.9654758633,3720.16334901
2583954.565106849,3720.78342791
2648609.841204936,3721.40361016
2681900.760636473,3722.02389578
2654717.4639182077,3722.6442848
2846200.973110633,3723.26477722
3775726.162289359,3723.88537306
6442747.256952799,3724.50607235
12292767.124649592,3725.12687509
21720914.025461074,3725.74778131
32348432.454356503,3726.36879102
40064758.744789004,3726.98990425
43170396.72261178,3727.611121
44804225.4439918,3728.23244129
48551624.09489439,3728.85386515
52245143.6690916,3729.47539259
49983061.066780105,3730.09702362
39622022.187640145,3730.71875827
25513610.69204691,3731.34059655
13700568.274070732,3731.96253847
6767280.537588502,3732.58458407
3702473.9115136,3733.20673334
2592000.5048442637,3733.82898632
2202069.159672002,3734.45134301
2015995.8737084814,3735.07380344
1976472.7365712505,3735.69636762
2115489.3777197204,3736.31903556
2286515.8651578855,3736.9418073
2357172.3383802585,3737.56468284
2430496.260378576,3738.1876622
2593637.669350085,3738.8107454
2721011.1633197437,3739.43393245
2795644.421108538,3740.05722338
2829880.8523208494,3740.6806182
2902243.3554431335,3741.30411693
2915444.3297850266,3741.92771958
2862638.437982964,3742.55142617
2888504.4062437485,3743.17523673
2874278.5673428685,3743.79915126
2809362.2061245013,3744.42316978
2848034.321154316,3745.04729232
2888211.045353012,3745.67151889
2769742.161555289,3746.2958495
2640070.548773644,3746.92028417
2627634.167877136,3747.54482293
2584600.2343803192,3748.16946579
2430505.813280893,3748.79421276
2231011.6956657255,3749.41906386
2066040.730358621,3750.04401912
1911842.4399303284,3750.66907854
1860324.7749231274,3751.29424215
1987498.4785329488,3751.91950996
2196975.9309780793,3752.54488199
2385528.0525097246,3753.17035826
2521095.782001809,3753.79593879
2635414.970882039,3754.42162358
2726033.335509363,3755.04741267
2763352.825729587,3755.67330606
2833291.865655096,3756.29930377
2907205.7286600615,3756.92540583
2922445.65815519,3757.55161225
2837997.046059762,3758.17792304
2783097.558107253,3758.80433823
2814696.8138995175,3759.43085783
2772933.950058299,3760.05748185
2733882.971126522,3760.68421033
2820431.155163219,3761.31104326
2832414.2748417105,3761.93798068
2774833.1782249105,3762.5650226
2841059.1215422265,3763.19216903
2909489.924284036,3763.81941999
2863046.406249336,3764.44677551
2804575.544605562,3765.07423559
2878462.074247279,3765.70180026
2863905.5717222667,3766.32946953
2775395.258099211,3766.95724342
2678919.636900863,3767.58512195
2559764.2930316958,3768.21310513
2481525.733173678,3768.84119299
2385734.556870944,3769.46938554
2225102.524579028,3770.09768279
2013682.96050529,3770.72608477
1832655.0625586722,3771.35459149
1824331.0436017995,3771.98320297
2007278.9686109042,3772.61191923
2216769.486927531,3773.24074029
2380814.7042349814,3773.86966615
2510347.317891027,3774.49869685
2592259.127668789,3775.12783239
2661337.075795342,3775.7570728
2751729.7947976077,3776.38641809
2780025.719197213,3777.01586827
2822366.5483449763,3777.64542338
2887976.035184153,3778.27508342
2922539.9244334684,3778.90484841
2920302.4247770803,3779.53471838
2967274.49794566,3780.16469333
3045652.099011538,3780.79477328
3080690.165081419,3781.42495826
3036816.836178293,3782.05524827
3007122.321910214,3782.68564335
3009292.939637294,3783.31614349
2992583.776484465,3783.94674873
2979214.5060436022,3784.57745908
3054625.3824807433,3785.20827456
3084879.3577272194,3785.83919518
3026914.664645137,3786.47022096
2925543.094730017,3787.10135193
2916078.556528817,3787.73258809
2941843.807259923,3788.36392946
2935954.2731281426,3788.99537607
2937842.0323043214,3789.62692793
2943037.0345983543,3790.25858505
2926162.2282054485,3790.89034746
2884576.2111077937,3791.52221517
2840407.654059075,3792.1541882
2813578.5289413836,3792.78626657
2810437.06566711,3793.4184503
2763056.564865413,3794.0507394
2670148.080263163,3794.68313388
2623176.4309386318,3795.31563378
2679338.799430937,3795.9482391
3020965.8335753833,3796.58094987
3746359.420253205,3797.21376609
4771308.608357168,3797.84668779
5649852.010436034,3798.47971499
5885006.624211807,3799.1128477
5371141.874111897,3799.74608595
4368073.5091623925,3800.37942974
3440949.1986919506,3801.0128791
2900945.809441605,3801.64643404
2665400.154232391,3802.28009458
2642744.921242524,3802.91386074
2741822.003186867,3803.54773254
2813652.4000515384,3804.18170999
2857861.874184733,3804.81579312
2898569.606926449,3805.44998193
2901876.8362017,3806.08427645
2876953.2080104845,3806.71867669
2825643.1786389826,3807.35318268
2813524.4099012795,3807.98779443
2896977.8852127176,3808.62251195
2966789.543195955,3809.25733527
2992444.3017622363,3809.8922644
3019459.829018072,3810.52729936
3042189.0467049456,3811.16244017
3031322.546910419,3811.79768685
3035538.466029385,3812.43303941
3033873.435471504,3813.06849787
2981320.5778005407,3813.70406225
2891896.944637643,3814.33973256
2855550.5297410055,3814.97550883
2861491.042156048,3815.61139107
2899361.5857940847,3816.2473793
2910677.2512834207,3816.88347354
2937874.0444684923,3817.5196738
2955681.26127804,3818.1559801
2945725.794487922,3818.79239246
2909447.7584949834,3819.4289109
2764638.647877206,3820.06553544
2593310.300736887,3820.70226609
2663772.4271897567,3821.33910287
2828556.673760016,3821.9760458
2903134.0993261132,3822.61309489
2950145.5357868946,3823.25025017
2987923.50262109,3823.88751164
2936759.8302987423,3824.52487934
2854474.524240551,3825.16235328
2819399.2948441994,3825.79993347
2822777.9887425927,3826.43761993
2804891.6678568097,3827.07541268
2793167.0758277127,3827.71331174
2762762.515370361,3828.35131712
2770094.3772955304,3828.98942885
2787148.8830290157,3829.62764694
2696439.409218984,3830.2659714
2642319.1349286395,3830.90440227
2631398.9668533145,3831.54293954
2569642.414557986,3832.18158325
2516721.8469587015,3832.82033341
2637135.3090671487,3833.45919004
3166504.3265667306,3834.09815315
4261069.476406454,3834.73722276
5730791.283307758,3835.37639889
6947060.357068166,3836.01568157
7224797.083049481,3836.65507079
6410256.153657967,3837.2945666
4983275.935646079,3837.93416899
3674029.306777201,3838.57387799
2850305.990016203,3839.21369362
2564566.2936971397,3839.85361589
2527719.863905316,3840.49364483
2476624.8214318687,3841.13378045
2474920.7546176435,3841.77402276
2616034.0153586017,3842.4143718
2744786.868684568,3843.05482756
2764159.802568966,3843.69539008
2764290.090492159,3844.33605936
2819735.2259503505,3844.97683544
2837629.215733368,3845.61771831
2816371.3071478293,3846.25870802
2823646.7150206934,3846.89980456
2838726.687415329,3847.54100796
2866191.350300006,3848.18231823
2867435.633656697,3848.8237354
2812503.7848619255,3849.46525948
2754718.8320336384,3850.10689049
2692369.7413645415,3850.74862845
2726640.5782376523,3851.39047338
2821867.6215488547,3852.03242528
2885275.8991905996,3852.67448419
2887314.3653665227,3853.31665012
2864202.6689753337,3853.95892308
2833635.680753352,3854.6013031
2869437.5515693165,3855.24379019
2925072.040347375,3855.88638437
2844091.8263272727,3856.52908565
2756136.744737327,3857.17189407
2858333.283950862,3857.81480962
2932048.7273557945,3858.45783234
2903319.7904080595,3859.10096224
2876042.7506539905,3859.74419934
2851998.3419487053,3860.38754365
2849277.01336428,3861.03099519
2875512.6800535712,3861.67455398
2809670.9107728037,3862.31822005
2729033.196184057,3862.9619934
2718749.3076289543,3863.60587405
2765315.3884019153,3864.24986203
2810883.259699154,3864.89395734
2917040.265882665,3865.53816002
3096668.181113582,3866.18247007
3627489.3171765353,3866.82688752
5055181.100344587,3867.47141237
7694088.68962988,3868.11604466
11289047.035519315,3868.76078439
14358795.784562487,3869.40563159
14995605.508630432,3870.05058628
12804746.315991478,3870.69564846
9214053.735657942,3871.34081817
5953767.527667136,3871.98609541
3911071.047573407,3872.6314802
3043806.9695378123,3873.27697257
2817863.727203583,3873.92257253
2821987.6046643606,3874.5682801
2847275.617685546,3875.2140953
2883317.763184229,3875.86001814
2849718.975470212,3876.50604864
2798101.447850471,3877.15218683
2823070.7254143986,3877.79843271
2822468.9433268677,3878.44478631
2700371.180540852,3879.09124765
2649981.2211506492,3879.73781673
2751907.2208235455,3880.38449359
2806640.6726896223,3881.03127824
2786398.829863841,3881.67817069
2747512.571784122,3882.32517097
2658585.0845240937,3882.97227909
2601640.302486855,3883.61949507
2605542.1217909767,3884.26681893
2606249.643545414,3884.91425068
2585256.8064891156,3885.56179035
2684193.047302808,3886.20943795
3238635.1917667594,3886.8571935
4804949.282399413,3887.50505702
7888444.1092849,3888.15302853
12081710.3116717,3888.80110804
15620924.597193714,3889.44929557
16523370.215449568,3890.09759114
14277202.225057049,3890.74599477
10195271.397444334,3891.39450648
6353045.746989033,3892.04312628
3950448.768230981,3892.69185419
2898789.7283308944,3893.34069024
2575349.947952549,3893.98963443
2519543.605023519,3894.63868679
2555379.589016068,3895.28784733
2588266.7872403027,3895.93711608
2588748.7062505796,3896.58649304
2641558.088626784,3897.23597825
2726015.957325632,3897.88557171
2724099.5298984153,3898.53527344
2695509.7781225382,3899.18508347
2702019.0019492437,3899.83500181
2674511.1964002494,3900.48502848
2611130.9615295934,3901.13516349
2615146.044824356,3901.78540687
2766343.632092777,3902.43575863
2828018.587129547,3903.0862188
2773934.764739046,3903.73678738
2712735.017732521,3904.3874644
2733526.658171884,3905.03824987
2774113.3684378304,3905.68914382
2718905.428034746,3906.34014626
2657615.3526506047,3906.99125721
2685120.004609951,3907.64247669
2727413.0763486326,3908.29380471
2755797.744894492,3908.94524129
2775230.4408284547,3909.59678646
2804373.2268941477,3910.24844023
2816261.062081303,3910.90020261
2810482.642921455,3911.55207363
2783493.235545165,3912.20405331
2769951.9916869137,3912.85614166
2781618.267758429,3913.5083387
2748774.5594056617,3914.16064444
2680260.434671469,3914.81305892
2689034.7295175134,3915.46558214
2749896.676031393,3916.11821412
2739600.3380514984,3916.77095488
2696554.434104065,3917.42380444
2716346.227797032,3918.07676282
2735523.4555470343,3918.72983004
2664018.474514826,3919.3830061
2611689.129394907,3920.03629104
2655440.867302846,3920.68968487
2631775.8313769223,3921.34318761
2609080.5003103847,3921.99679928
2673002.43192893,3922.65051988
2689248.019529163,3923.30434946
2644920.189268724,3923.95828801
2635424.99933278,3924.61233556
2640258.0842631552,3925.26649212
2632460.0940102385,3925.92075773
2600088.6769502535,3926.57513238
2524402.0467219134,3927.22961611
2513243.4225178114,3927.88420893
2550477.344713151,3928.53891085
2531225.467482896,3929.1937219
2517750.7829259653,3929.8486421
2503272.4937532474,3930.50367146
2464465.1187940557,3931.15881
2441239.564769258,3931.81405773
2420540.1363623026,3932.46941469
2379299.0101751415,3933.12488088
2313986.839320192,3933.78045632
2204445.037444045,3934.43614104
2201587.5157474647,3935.09193504
2305006.4016836104,3935.74783835
2362888.604777448,3936.40385099
2388710.875569869,3937.05997298
2440378.145734569,3937.71620432
2475693.384165763,3938.37254505
2472035.6527783265,3939.02899518
2473829.630075851,3939.68555472
2523530.7815129315,3940.3422237
2570224.8193234755,3940.99900214
2584481.6562176077,3941.65589004
2589969.403995454,3942.31288744
2593809.4626233135,3942.96999434
2594688.2582769054,3943.62721078
2603020.2784861294,3944.28453675
2582446.2064720686,3944.9419723
2567566.9166224683,3945.59951742
2588237.106017446,3946.25717214
2669200.918838745,3946.91493648
2690746.3693707273,3947.57281046
2643755.71851683,3948.23079409
2619519.4108667867,3948.8888874
2618751.0738623394,3949.54709039
2622744.4764569663,3950.2054031
2645341.0567593006,3950.86382553
2658190.42977095,3951.52235771
2663872.0857713744,3952.18099966
2635624.452122931,3952.83975139
2608742.4842172703,3953.49861292
2626423.2095299885,3954.15758426
2649926.4521265803,3954.81666545
2650327.2914224737,3955.47585649
2659534.7663381957,3956.13515741
2634640.1421832833,3956.79456822
2581441.261296351,3957.45408894
2579254.1440195683,3958.11371959
2593851.4903945676,3958.77346018
2595429.4835962853,3959.43331075
2607980.4651775337,3960.09327129
2593928.733060241,3960.75334184
2552898.3531241138,3961.41352241
2463672.8900416875,3962.07381302
2397698.4684071164,3962.73421369
2418214.2077585827,3963.39472443
2412956.0996132903,3964.05534527
2392328.208992734,3964.71607622
2418065.202973894,3965.3769173
2710807.9533283166,3966.03786853
3462087.2372255805,3966.69892993
4575015.098715753,3967.36010152
5899317.78468968,3968.0213833
7335519.62127052,3968.68277532
9094648.181676053,3969.34427757
11330848.856508369,3970.00589008
13224876.846412642,3970.66761287
13417210.0299236,3971.32944596
11417336.47061231,3971.99138936
8134097.950146496,3972.65344309
5135785.026853832,3973.31560718
3280186.552554996,3973.97788164
2466807.8988997997,3974.64026648
2256300.1873072553,3975.30276173
2277617.446162793,3975.96536741
2348871.875412999,3976.62808353
2390861.7883757944,3977.29091011
2414880.0549244056,3977.95384717
2455187.808566364,3978.61689473
2493757.1230693604,3979.28005281
2522013.0247540595,3979.94332142
2544701.357603935,3980.60670059
2587328.746188154,3981.27019033
2590456.7155859894,3981.93379066
2525250.5216128766,3982.5975016
2476101.873242657,3983.26132316
2513321.408886964,3983.92525538
2569567.8944502966,3984.58929825
2599163.425029909,3985.25345182
2629890.9536545486,3985.91771608
2627001.3065625997,3986.58209106
2595018.695748361,3987.24657678
2604130.9899980896,3987.91117326
2649715.45777449,3988.57588051
2679102.4496628167,3989.24069856
2664749.3626545304,3989.90562742
2631900.396406676,3990.57066711
2629493.6604803014,3991.23581765
2655368.876293062,3991.90107905
2659372.258035161,3992.56645134
2682073.8453778634,3993.23193454
2704649.7341133486,3993.89752866
2704469.1425319808,3994.56323372
2676098.6582861645,3995.22904975
2642965.646394439,3995.89497675
2622495.461243185,3996.56101474
2629950.3883646443,3997.22716376
2616485.882420265,3997.89342381
2594549.6729823146,3998.55979491
2602046.935832801,3999.22627708
2623462.644603303,3999.89287034
2690853.6063399957,4000.55957471
2723849.6181375557,4001.2263902
2724145.216023554,4001.89331684
2694578.6862197192,4002.56035465
2637611.8021037555,4003.22750363
2614820.476810297,4003.89476382
2636280.5617329744,4004.56213523
2659234.42592944,4005.22961787
2595796.899412191,4005.89721177
2547831.0035235467,4006.56491695
2621468.2263635625,4007.23273342
2679093.677633054,4007.9006612
2698027.8163780356,4008.56870031
2681907.1175161134,4009.23685077
2603537.017131974,4009.9051126
2570618.785644626,4010.57348582
2630271.027998134,4011.24197044
2682059.9190505617,4011.91056648
2677661.755425735,4012.57927396
2618106.0049412423,4013.24809291
2639624.4907143964,4013.91702334
2667939.3429105906,4014.58606526
2624122.4483887954,4015.2552187
2632317.9812180214,4015.92448367
2665336.3592305584,4016.5938602
2702226.3701633792,4017.2633483
2685087.2168428716,4017.93294799
2643949.3012586725,4018.60265929
2635868.83596191,4019.27248221
2677952.687701115,4019.94241679
2719742.624337851,4020.61246302
2719426.197621417,4021.28262095
2701895.62585623,4021.95289057
2645864.320821602,4022.62327192
2611320.0050274036,4023.293765
2610721.4402735517,4023.96436984
2579804.127167755,4024.63508646
2502064.382270965,4025.30591488
2412750.1130982577,4025.97685511
2365757.694613871,4026.64790717
2343977.1118458756,4027.31907108
2468272.464482118,4027.99034687
2587621.9746520785,4028.66173454
2607958.686113062,4029.33323412
2637345.2813997515,4030.00484562
2620897.796584292,4030.67656907
2546718.6754443906,4031.34840449
2512558.237542465,4032.02035188
2545869.830281232,4032.69241128
2558359.2764720353,4033.36458269
2535739.5492353532,4034.03686614
2569613.738264632,4034.70926165
2593711.8549827836,4035.38176924
2616707.728288436,4036.05438891
2619786.155028811,4036.72712071
2648218.8843983402,4037.39996463
2661481.6448262394,4038.0729207
2652969.1855517947,4038.74598894
2649227.9524074015,4039.41916937
2668308.1591586694,4040.092462
2655929.5372667005,4040.76586686
2616711.3805426992,4041.43938397
2578739.073413822,4042.11301333
2600182.314686201,4042.78675498
2642013.5607712623,4043.46060892
2634302.657765547,4044.13457518
2602000.7543826425,4044.80865379
2581208.1778572616,4045.48284474
2543655.8462969735,4046.15714807
2481077.1876119534,4046.8315638
2556771.6417913185,4047.50609193
2654925.2097018408,4048.1807325
2665769.1195891914,4048.85548552
2602112.757615385,4049.530351
2573502.873106345,4050.20532897
2614273.447233036,4050.88041945
2624484.672577493,4051.55562245
2613290.7300213287,4052.230938
2612079.6604038933,4052.90636611
2613858.154616557,4053.58190679
2580188.342616496,4054.25756008
2520367.0881361603,4054.93332599
2532496.8655840517,4055.60920453
2561386.568137922,4056.28519573
2586836.152536894,4056.9612996
2606423.049237541,4057.63751617
2591228.1080712182,4058.31384545
2581481.5888909246,4058.99028746
2603874.4269861006,4059.66684222
2612098.1467461395,4060.34350974
2625160.9921809025,4061.02029006
2621875.0769848996,4061.69718318
2607526.287687474,4062.37418913
2593858.557119446,4063.05130792
2550262.0860056235,4063.72853957
2489868.4140536636,4064.4058841
2481762.093260185,4065.08334154
2525956.170704045,4065.76091189
2601489.6039104383,4066.43859518
2730442.4256617925,4067.11639143
2861943.4804102527,4067.79430065
3083631.0319264163,4068.47232287
3339242.4245072757,4069.1504581
3427457.341365512,4069.82870636
3256580.0161101436,4070.50706767
2945448.3312722794,4071.18554205
2697730.5582795637,4071.86412952
2548966.349719549,4072.5428301
2498998.653890391,4073.22164381
2544525.842430735,4073.90057066
2600881.786316298,4074.57961067
2653017.9138339446,4075.25876387
2688055.028120233,4075.93803027
2696129.967148798,4076.61740988
2693208.8985811444,4077.29690274
2656737.473484772,4077.97650886
2562379.1454561255,4078.65622825
2538381.985091344,4079.33606094
2551262.059704254,4080.01600694
2546777.815744537,4080.69606628
2559814.093585648,4081.37623897
2570247.261589945,4082.05652503
2574414.033527986,4082.73692449
2545802.928287331,4083.41743735
2517035.2815828556,4084.09806364
2498758.315157122,4084.77880338
2498852.0115769636,4085.45965658
2466573.815022176,4086.14062327
2453446.5859041754,4086.82170346
2468634.6618015873,4087.50289718
2475331.7648525243,4088.18420443
2508240.5995097496,4088.86562525
2480602.733366171,4089.54715965
2431871.2880805396,4090.22880764
2481336.4033985985,4090.91056926
2507373.194855529,4091.59244451
2518342.2200478264,4092.27443341
2490985.934786901,4092.95653599
2433817.3504732777,4093.63875226
2443099.1687144134,4094.32108225
2460146.1097015077,4095.00352596
2419568.234756675,4095.68608343
2367455.7282533944,4096.36875466
2306159.4616317507,4097.05153969
2249002.5016264156,4097.73443852
2265774.808542967,4098.41745117
2516640.7211361513,4099.10057767
3432595.87001875,4099.78381804
5773569.469687708,4100.46717229
9978591.274697881,4101.15064043
15227416.00780852,4101.83422251
19084035.692290653,4102.51791852
19265367.739076115,4103.20172848
15654363.68175587,4103.88565243
10405782.472201228,4104.56969037
6040207.939779153,4105.25384233
3568384.8807127327,4105.93810833
2608746.1678439234,4106.62248838
2336013.7255833084,4107.3069825
2272520.51021153,4107.99159071
2291889.6989466553,4108.67631303
2343451.7934053293,4109.36114949
2362173.0357050784,4110.04610009
2344403.5240405127,4110.73116486
2339855.7440623106,4111.41634382
2351700.4815408043,4112.10163698
2383069.3587018955,4112.78704437
2400169.4881242844,4113.472566
2415406.7817343073,4114.1582019
2460906.2093464164,4114.84395208
2490668.5286046946,4115.52981656
2491672.449181963,4116.21579536
2483837.621741756,4116.90188849
2481451.5625307667,4117.58809599
2508012.5231141783,4118.27441787
2489208.2801145515,4118.96085414
2401448.3985082987,4119.64740482
2354351.171486333,4120.33406994
2375882.838502209,4121.02084952
2363314.6787637398,4121.70774357
2362793.3599599046,4122.39475211
2404878.459231114,4123.08187516
2418637.5188687546,4123.76911274
2428589.913525984,4124.45646487
2457542.678407379,4125.14393157
2475241.4692011103,4125.83151285
2487461.1325016436,4126.51920874
2497139.382403409,4127.20701926
2491541.943607445,4127.89494442
2398572.5483749867,4128.58298425
2313974.6852858323,4129.27113876
2353912.0182818817,4129.95940797
2401913.2061969666,4130.6477919
2403838.9967802195,4131.33629057
2375003.5191241032,4132.024904
2390678.287616987,4132.71363221
2369507.230461725,4133.40247522
2402331.2977096457,4134.09143304
2437736.8728428874,4134.7805057
2430466.249158321,4135.46969322
2467655.4548041215,4136.15899561
2511566.8352047945,4136.84841289
2494941.835205802,4137.53794509
2452508.766552095,4138.22759221
2450185.3252188275,4138.91735429
2479765.5176437437,4139.60723134
2513892.9263140676,4140.29722337
2512417.150897343,4140.98733042
2510492.4094370618,4141.67755249
2493505.2753637354,4142.36788961
2442627.0753930327,4143.05834179
2385476.026160494,4143.74890906
2288002.641810773,4144.43959144
2274032.7397342585,4145.13038893
2389453.505191888,4145.82130157
2427969.522875428,4146.51232937
2429332.343454621,4147.20347235
2466616.08975067,4147.89473054
2469885.4187559593,4148.58610394
2480879.297805774,4149.27759258
2454772.6483222167,4149.96919648
2398412.6953502055,4150.66091565
2398107.1367459027,4151.35275012
2425906.986098494,4152.04469991
2438843.2545996523,4152.73676503
2425184.2508580093,4153.4289455
2414632.5886328868,4154.12124135
2393602.3157888874,4154.81365259
2391687.3114708243,4155.50617924
2437230.333423664,4156.19882132
2436475.8487453647,4156.89157885
2370440.7935716948,4157.58445185
2395617.7335297638,4158.27744034
2444862.7956241043,4158.97054434
2458760.9658301095,4159.66376386
2463772.8652812033,4160.35709893
2447905.811306556,4161.05054957
2399475.4782253704,4161.74411579
2366506.8249659874,4162.43779761
2399283.04237743,4163.13159506
2422801.299795664,4163.82550815
2397740.896509082,4164.51953691
2395927.836573633,4165.21368134
2404470.4354260224,4165.90794147
2415963.062509228,4166.60231733
2451720.8415433057,4167.29680892
2426179.6210764437,4167.99141627
2400818.239729899,4168.6861394
2414939.626092022,4169.38097832
2402527.317438035,4170.07593306
2401130.174425746,4170.77100364
2407128.1004871563,4171.46619007
2380349.251846061,4172.16149237
2314054.669816517,4172.85691057
2279286.4754969776,4173.55244468
2261972.1675717193,4174.24809473
2247030.84706694,4174.94386072
2315810.1118202806,4175.63974269
2389851.8845794457,4176.33574064
2406368.314094091,4177.03185461
2385612.9786270945,4177.7280846
2312918.189444062,4178.42443064
2260649.587399376,4179.12089275
2252306.160814259,4179.81747095
2300578.9694571868,4180.51416525
2398462.310574464,4181.21097568
2420294.74785769,4181.90790225
2391607.42450128,4182.60494498
2383092.9661209662,4183.3021039
2365219.867955185,4183.99937902
2337358.61373425,4184.69677037
2341062.525943475,4185.39427795
2375511.6589856055,4186.0919018
2408251.7390975337,4186.78964193
2375387.3738822723,4187.48749835
2306107.9914676067,4188.1854711
2319293.896908685,4188.88356018
2381435.4301489224,4189.58176563
2389466.384988645,4190.28008745
2354081.7107190294,4190.97852566
2343487.299044447,4191.67708029
2330144.2709349687,4192.37575136
2337590.3794981353,4193.07453888
2401519.1048093587,4193.77344288
2426893.5845194496,4194.47246337
2434766.8258070154,4195.17160038
2409085.9215498897,4195.87085391
2345299.954994727,4196.570224
2324958.4967839117,4197.26971066
2362823.029255586,4197.96931391
2363031.6507309186,4198.66903377
2267484.769155921,4199.36887026
2237767.29851578,4200.0688234
2287105.8144084224,4200.76889321
2318184.895063235,4201.4690797
2326235.139677118,4202.16938291
2311677.977813862,4202.86980284
2303763.9808687777,4203.57033952
2346072.775346926,4204.27099296
2341362.6657011313,4204.97176319
2287732.913240985,4205.67265022
2248513.992857946,4206.37365408
2295205.4459046004,4207.07477478
2329655.7169744777,4207.77601234
2354031.4170509875,4208.47736679
2382505.700748694,4209.17883814
2366332.998179102,4209.88042641
2354603.3833496366,4210.58213162
2344534.0246838997,4211.28395379
2359851.1165475664,4211.98589294
2356535.5749247135,4212.68794909
2343518.23563598,4213.39012227
2362484.4202289344,4214.09241248
2360266.20419461,4214.79481974
2349692.5626368253,4215.49734409
2284666.248358279,4216.19998553
2221023.66661357,4216.90274409
2264909.2537225457,4217.60561979
2316150.511799974,4218.30861264
2373513.161014154,4219.01172266
2397054.994780141,4219.71494988
2356645.303581797,4220.41829432
2340502.556208789,4221.12175599
2380599.875688907,4221.82533491
2390098.0292578363,4222.52903111
2335282.4835748016,4223.23284459
2329491.1433989657,4223.93677539
2347649.774389229,4224.64082353
2297492.266248105,4225.34498901
2259266.1008695574,4226.04927186
2252375.4230309553,4226.75367211
2220485.824722636,4227.45818976
2177128.877947352,4228.16282484
2226693.8068908006,4228.86757737
2319390.8010956445,4229.57244738
2362207.308002226,4230.27743486
2369674.2474673637,4230.98253986
2390274.4746284136,4231.68776238
2379617.2084533502,4232.39310245
2337866.182989515,4233.09856009
2247303.461935318,4233.80413531
2187426.901314585,4234.50982814
2256342.370536646,4235.2156386
2302200.2685468183,4235.9215667
2260822.5750275445,4236.62761246
2249643.4463324384,4237.33377591
2299287.825412309,4238.04005706
2319956.0609932085,4238.74645593
2290113.4327374017,4239.45297255
2284220.205811091,4240.15960693
2291330.6946702595,4240.86635909
2311138.852366998,4241.57322906
2337213.973506824,4242.28021684
2308866.1975530386,4242.98732247
2278386.7087284797,4243.69454595
2315453.577258213,4244.40188732
2335858.731709565,4245.10934659
2328000.201328222,4245.81692378
2305302.9816117254,4246.5246189
2264951.2214267086,4247.23243199
2206762.9105954044,4247.94036306
2223605.366413027,4248.64841212
2273129.366366321,4249.3565792
2315544.8171029375,4250.06486432
2312708.506110732,4250.77326749
2254041.5266136946,4251.48178875
2257019.9466963443,4252.1904281
2291700.67292972,4252.89918556
2297369.2725990107,4253.60806117
2273708.552489962,4254.31705492
2215297.136213951,4255.02616686
2225078.7004615474,4255.73539699
2286939.798738597,4256.44474533
2303217.534130505,4257.15421191
2332218.907471899,4257.86379674
2315529.480561941,4258.57349985
2233193.195666543,4259.28332125
2241154.0812894017,4259.99326096
2261693.813975777,4260.70331901
2220665.5672926055,4261.41349541
2234084.373180295,4262.12379018
2249135.278082761,4262.83420334
2279703.737162236,4263.54473492
2313656.62507598,4264.25538493
2296796.978651066,4264.96615339
2309644.7072544424,4265.67704032
2336976.956314407,4266.38804574
2325158.303016338,4267.09916967
2242259.6422665725,4267.81041214
2188991.282301746,4268.52177315
2239867.584983507,4269.23325273
2245907.233348948,4269.94485091
2245363.1925316574,4270.65656769
2257478.359107602,4271.3684031
2218381.64378982,4272.08035717
2184425.567151292,4272.7924299
2222604.7401866657,4273.50462132
2224655.8942046138,4274.21693144
2216882.1574747767,4274.9293603
2225331.7322001387,4275.6419079
2197553.4671013583,4276.35457428
2217951.225791835,4277.06735944
2245448.3593186294,4277.7802634
2236987.205173851,4278.4932862
2249686.2357042115,4279.20642784
2282315.085185593,4279.91968835
2271247.2438747943,4280.63306774
2234589.038617702,4281.34656604
2243188.6007147664,4282.06018327
2270272.987723545,4282.77391944
2236112.3410910135,4283.48777458
2227817.729691881,4284.20174871
2247634.1776320357,4284.91584184
2222345.4989520507,4285.63005399
2217770.717524141,4286.3443852
2216981.8328483263,4287.05883546
2231073.87783685,4287.77340481
2226697.1596307023,4288.48809327
2198484.6826663357,4289.20290085
2179837.6791565535,4289.91782758
2112324.8491524626,4290.63287347
2083388.1757830891,4291.34803854
2157455.275852084,4292.06332282
2220058.5412645484,4292.77872632
2242210.654832298,4293.49424907
2255067.7617224418,4294.20989108
2201126.364925563,4294.92565237
2141622.241615537,4295.64153297
2180758.462690256,4296.35753289
2192868.464289026,4297.07365215
2165254.890791852,4297.78989078
2203513.3827562463,4298.50624879
2217416.759603212,4299.2227262
2156321.2804187033,4299.93932304
2085148.4869030402,4300.65603932
2078148.1877008537,4301.37287506
2136985.9988163565,4302.08983028
2141323.6763516315,4302.80690501
2097499.5840171957,4303.52409926
2082160.5805582139,4304.24141305
2128039.828865904,4304.9588464
2164112.6660902407,4305.67639934
2133631.319602314,4306.39407188
2132554.173972178,4307.11186404
2165300.2812153315,4307.82977584
2122006.2935017473,4308.5478073
2082085.3944999655,4309.26595845
2099547.7984879795,4309.98422929
2104825.001556763,4310.70261986
2157967.1634722413,4311.42113017
2207031.9428104525,4312.13976025
2197398.0495198746,4312.8585101
2132479.1980262157,4313.57737976
2106302.555210195,4314.29636923
2079772.0436802625,4315.01547855
2040356.6060734177,4315.73470773
2112042.7694478678,4316.4540568
2205251.957160592,4317.17352576
2195444.020011216,4317.89311464
2200894.722344529,4318.61282347
2224933.595783094,4319.33265226
2208048.299827001,4320.05260103
2201399.701914487,4320.7726698
2153983.229266217,4321.49285859
2116305.433327211,4322.21316742
2179679.970575028,4322.93359632
2216694.3945044833,4323.6541453
2200657.6746562524,4324.37481438
2165404.7465189025,4325.09560358
2085315.1417895555,4325.81651292
1992243.1459472342,4326.53754242
2016591.958179644,4327.2586921
2092393.9122900772,4327.97996199
2139675.39124695,4328.7013521
2169800.1571353534,4329.42286245
2172383.7387571735,4330.14449306
2132893.8581047077,4330.86624395
2064513.3762141308,4331.58811515
2054122.4314470703,4332.31010666
2079795.794268129,4333.03221852
2077874.9778112033,4333.75445074
2055411.976915444,4334.47680335
2034676.4244752058,4335.19927635
2029144.5091407713,4335.92186978
2066371.3719239193,4336.64458365
2288940.172359054,4337.36741798
3212747.796442905,4338.09037279
6015625.000215723,4338.81344811
11964241.675839463,4339.53664395
20752088.795585986,4340.25996033
29172913.638006542,4340.98339728
32586204.67153076,4341.7069548
28845219.480912015,4342.43063293
20321774.479782738,4343.15443169
11665299.40400947,4343.87835109
5871853.648471091,4344.60239115
3111567.637181799,4345.32655189
2208357.7012804314,4346.05083334
2020047.1404915792,4346.77523551
1989811.0250231968,4347.49975842
2000121.3207570158,4348.2244021
2029962.0065798513,4348.94916656
2068564.3157598944,4349.67405183
2084290.5631225372,4350.39905792
2087453.2676517905,4351.12418485
2032859.2179401903,4351.84943265
1938749.702103127,4352.57480134
1952871.5428886618,4353.30029093
2047739.1815493475,4354.02590144
2110215.361493372,4354.7516329
2096691.3840439655,4355.47748533
2094357.89345968,4356.20345874
2133609.9946748046,4356.92955315
2152766.032831526,4357.6557686
2152306.796843559,4358.38210508
2126464.2112037055,4359.10856264
2084917.9908885467,4359.83514128
2077430.3708967778,4360.56184102
2129359.1415539416,4361.2886619
2192019.974920479,4362.01560392
2260304.767277002,4362.74266711
2350886.311032415,4363.46985148
2409695.6921079867,4364.19715706
2408079.8764484082,4364.92458387
2362153.745569328,4365.65213193
2302622.7535276394,4366.37980126
2222106.480172064,4367.10759187
2130049.549766615,4367.83550379
2059962.9625164068,4368.56353705
2063382.3464087532,4369.29169165
2109280.9943537237,4370.01996762
2098586.822708465,4370.74836498
2115724.8299322682,4371.47688375
2110748.3537967964,4372.20552394
2099564.859068545,4372.93428559
2109663.132094363,4373.66316871
2113877.8128935583,4374.39217332
2061666.7307498688,4375.12129944
2000124.9645591988,4375.8505471
2044719.6333671927,4376.5799163
2116295.157377113,4377.30940707
2153662.276265402,4378.03901944
2160288.621022198,4378.76875342
2140376.252868127,4379.49860903
2098395.404902689,4380.2285863
2098826.8019042257,4380.95868524
2143983.7511342126,4381.68890587
2158054.8171935985,4382.41924821
2136960.1804445195,4383.14971229
2084283.7132029266,4383.88029812
2008714.181254317,4384.61100573
1955646.1929237212,4385.34183513
1941934.7841749801,4386.07278635
2013780.6286037806,4386.8038594
2066146.085838096,4387.53505431
2021731.8311801604,4388.26637109
1969563.1249626891,4388.99780977
2015340.0701971126,4389.72937037
2083136.7913018963,4390.4610529
2056699.2581086098,4391.19285739
2011631.9274694452,4391.92478386
2046087.1595151457,4392.65683233
2110217.8915771306,4393.38900281
2127127.9429959566,4394.12129533
2089522.0473336682,4394.85370992
2050036.2095350034,4395.58624658
2007359.3716890868,4396.31890534
2048601.103119173,4397.05168622
2142593.73160334,4397.78458924
2156122.6330596902,4398.51761442
2104374.352741634,4399.25076179
2080810.2493821618,4399.98403135
2034906.9230870393,4400.71742314
1992583.9919424215,4401.45093716
1988675.5977919945,4402.18457346
2002651.979551886,4402.91833203
2022077.7247505456,4403.65221291
2030716.9291923833,4404.38621611
2038331.4891801605,4405.12034165
2021341.6861892962,4405.85458956
2060170.99502095,4406.58895986
2107986.3317745463,4407.32345255
2102568.9665233814,4408.05806768
2064344.7458084556,4408.79280525
2023881.766878867,4409.52766529
2014128.4370730445,4410.26264781
2059268.9985781538,4410.99775284
2078075.6608858712,4411.7329804
2061663.6452952854,4412.46833051
2071286.243634305,4413.20380319
2103813.572796327,4413.93939845
2089286.4072806202,4414.67511633
2019814.868757475,4415.41095683
1946066.7215293336,4416.14691999
1980117.2299596607,4416.88300581
2007862.7374038466,4417.61921433
1979828.7099289647,4418.35554556
2007796.535391031,4419.09199952
2059080.9716365042,4419.82857623
2094029.5908017715,4420.56527572
2091404.944464877,4421.302098
2071784.5722573656,4422.03904309
2066659.5742622078,4422.77611102
2056216.475117799,4423.5133018
2061026.515475601,4424.25061546
2083295.3570087908,4424.98805201
2110073.5810470637,4425.72561148
2116941.0748972725,4426.46329389
2116089.173502087,4427.20109925
2099976.5616282355,4427.93902759
2053912.0993105127,4428.67707894
2067763.523519342,4429.41525329
2082370.8622109308,4430.15355069
2052477.359268381,4430.89197115
2029098.8965016028,4431.63051469
2049902.8417659719,4432.36918133
2064797.2254165134,4433.10797109
2055992.1052260348,4433.84688399
2041115.203323456,4434.58592006
2031921.1270981668,4435.32507931
2013671.1784974555,4436.06436176
2002256.5696902706,4436.80376743
2035386.2241963367,4437.54329636
2061897.7740739973,4438.28294854
2079462.5496241613,4439.02272401
2110367.04039972,4439.76262279
2112004.310254054,4440.50264489
2086086.9012463936,4441.24279034
2054919.923844142,4441.98305916
2016670.557470517,4442.72345137
1983761.328364249,4443.46396699
1959981.348295682,4444.20460603
1943498.9446497846,4444.94536853
1979122.1363212417,4445.6862545
2060414.1624850656,4446.42726395
2079941.4298102832,4447.16839692
2046997.5351484045,4447.90965343
2030125.3749072754,4448.65103348
2061050.4131759882,4449.39253711
2077513.2932211566,4450.13416433
2035597.4763269366,4450.87591517
1996586.532627053,4451.61778965
2019424.956959896,4452.35978778
2039290.0901575969,4453.10190958
2038731.2340599345,4453.84415509
2037482.955439818,4454.58652431
2006480.283846688,4455.32901727
1963549.1648379313,4456.07163399
1980980.819557919,4456.81437449
2010989.0644734802,4457.55723879
2013964.2048539289,4458.30022691
2005252.251867432,4459.04333887
1994769.074459654,4459.78657469
1996704.7836857175,4460.5299344
2021568.080464095,4461.27341801
1990651.8617528381,4462.01702555
1930694.7195304718,4462.76075703
1968975.6152114118,4463.50461247
2029852.3570188226,4464.2485919
2032092.3555524824,4464.99269534
1987378.5038836095,4465.73692281
1995425.7153113536,4466.48127432
2007444.325447533,4467.22574991
2016286.160421527,4467.97034958
2089104.1225686437,4468.71507336
2259683.1889423733,4469.45992128
2739606.9570508446,4470.20489335
3640530.9785766485,4470.94998958
4628595.543935195,4471.69521002
5216473.1912747305,4472.44055466
5174893.296406071,4473.18602354
4473553.36321158,4473.93161668
3517126.802933438,4474.67733409
2744090.888731354,4475.42317579
2292475.4013023293,4476.16914182
2101053.16367823,4476.91523218
2071854.0314488886,4477.6614469
2081379.2639320628,4478.407786
2070190.591850619,4479.15424951
2055559.767301059,4479.90083743
2012760.9862438426,4480.64754979
1938526.5860368845,4481.39438662
1823905.2471383004,4482.14134793
1830078.2600765224,4482.88843374
1954633.2452672215,4483.63564408
2033327.2781535406,4484.38297896
2041019.3113279275,4485.13043841
2040679.116617258,4485.87802245
2042598.5613717304,4486.62573109
2056072.6876165865,4487.37356437
2054905.2889953915,4488.12152229
2001407.5340166613,4488.86960488
1922990.0843878621,4489.61781216
1895199.4341398757,4490.36614416
1946508.8998120967,4491.11460088
1978449.2130264803,4491.86318236
1978080.0928755288,4492.61188862
2020001.1301844546,4493.36071967
2035278.6155711657,4494.10967553
2005662.4287933675,4494.85875623
1977770.4989226153,4495.60796179
1984390.1100751557,4496.35729223
1991907.7809322162,4497.10674756
1985791.2574268559,4497.85632782
2006838.275629233,4498.60603301
2041694.66743205,4499.35586317
2047776.9616554808,4500.10581831
2041909.5134519036,4500.85589845
1998379.097078283,4501.60610361
1944765.6768447438,4502.35643382
1969980.1599464505,4503.1068891
2039781.1347990944,4503.85746946
2082364.6966806462,4504.60817493
2086018.8923412643,4505.35900552
2075373.6109832465,4506.10996127
2067892.120192474,4506.86104219
2035622.1018030124,4507.61224829
2013806.8925680197,4508.36357961
1990898.540060004,4509.11503616
1986069.6738521324,4509.86661796
2025469.1354705764,4510.61832504
2037958.1726635336,4511.37015741
2039037.5974329053,4512.1221151
2030386.8890283557,4512.87419812
2011288.3406960352,4513.6264065
2015931.8140362664,4514.37874026
2007761.616114527,4515.13119942
1952532.2090701163,4515.883784
1922662.0803703568,4516.63649403
1968879.495195185,4517.38932951
1991725.9357919353,4518.14229048
1969302.6889971492,4518.89537695
1965369.4543979866,4519.64858894
1994969.7042360415,4520.40192648
1971157.6852172285,4521.15538959
1996574.3355996767,4521.90897829
2029121.1004915894,4522.66269259
1936729.8436110157,4523.41653252
1886385.7665710298,4524.17049811
1955165.3036199254,4524.92458936
1939045.6087313972,4525.67880631
1911493.4608970138,4526.43314897
1937755.2357814976,4527.18761737
1935936.2310569326,4527.94221152
1940458.1448970528,4528.69693145
1907567.683612111,4529.45177717
1871294.914062591,4530.20674871
1909329.6400390528,4530.96184609
1938779.1573710286,4531.71706933
1934564.722485333,4532.47241846
1970451.322075627,4533.22789348
1956026.2393054126,4533.98349443
1873248.8880306685,4534.73922132
1834288.8355356676,4535.49507418
1871366.5578558613,4536.25105302
1897263.2832333827,4537.00715787
1957473.400834038,4537.76338874
2002864.3877528473,4538.51974567
1991246.4926360582,4539.27622867
1966459.5465327236,4540.03283775
1958330.8132012894,4540.78957295
1934235.6625840885,4541.54643428
1878708.7517873945,4542.30342177
1872365.1769024679,4543.06053543
1935130.8823430506,4543.81777529
1960353.1837130524,4544.57514136
1922727.6304047257,4545.33263368
1893613.6971586577,4546.09025225
1918137.6925230396,4546.8479971
1959267.7377243277,4547.60586826
1965574.8535943197,4548.36386573
1966807.9522034996,4549.12198955
1899134.597371306,4549.88023974
1774741.2326027518,4550.6386163
1844673.017201882,4551.39711928
1957386.0985299898,4552.15574868
1933067.2496663472,4552.91450454
1883652.7412228899,4553.67338686
1902005.781056635,4554.43239567
1891493.8736912291,4555.191531
1865185.156614204,4555.95079286
1844218.928723684,4556.71018127
1878773.1603500915,4557.46969626
1955947.931334889,4558.22933784
1946637.305951329,4558.98910604
1873165.8805801233,4559.74900088
1907411.367438055,4560.50902239
1958221.5071110039,4561.26917057
1962906.9327542444,4562.02944545
1974866.9237638982,4562.78984706
1974107.5470881886,4563.55037541
1928748.6381978472,4564.31103052
1878439.684757254,4565.07181242
1894930.2802728962,4565.83272113
1899814.1372235136,4566.59375667
1912542.3900857624,4567.35491906
1937393.4644413567,4568.11620832
1928693.3630475304,4568.87762447
1909455.6327132455,4569.63916753
1934303.9028828924,4570.40083753
1965557.4419625546,4571.16263448
1943052.5814028527,4571.92455842
1868207.3190639082,4572.68660934
1851760.5180417944,4573.44878729
1933177.972529889,4574.21109228
1967448.3342525556,4574.97352433
1936661.9364701295,4575.73608346
1929750.051552031,4576.4987697
1912949.7281846402,4577.26158306
1908018.1486653446,4578.02452357
1939285.7407333725,4578.78759124
1930111.2923745017,4579.5507861
1892691.5248643272,4580.31410818
1855709.4298230915,4581.07755748
1854609.1404145437,4581.84113404
1886143.1129191534,4582.60483787
1890295.9286787615,4583.36866899
1826728.9674993248,4584.13262743
1767445.276376067,4584.89671321
1812296.889867181,4585.66092634
1886614.8913767408,4586.42526685
1903777.8980897889,4587.18973477
1921458.4926547166,4587.95433011
1920888.862413858,4588.71905289
1902440.3267578445,4589.48390313
1910480.3104901493,4590.24888086
1888710.5763018432,4591.0139861
1868124.9062464738,4591.77921886
1853626.4383340855,4592.54457918
1838081.6817156265,4593.31006706
1861407.9115785325,4594.07568254
1890280.9402016392,4594.84142563
1890159.12160857,4595.60729636
1851306.3093994323,4596.37329474
1820072.5850369115,4597.1394208
1869775.3576532924,4597.90567455
1895877.8605175621,4598.67205603
1894549.4575422113,4599.43856524
1916993.5897114805,4600.20520222
1895559.8452887551,4600.97196699
1843114.0639602577,4601.73885955
1841525.8295749503,4602.50587995
1861848.1402205762,4603.27302819
1872839.1509183287,4604.0403043
1881554.4181331494,4604.8077083
1865111.9878419875,4605.57524021
1854944.545946582,4606.34290005
1877272.807164903,4607.11068785
1896258.3410010277,4607.87860362
1894717.0184678403,4608.64664739
1920187.4074791805,4609.41481918
1924242.000654269,4610.183119
1914305.1402748665,4610.95154689
1921581.1537910465,4611.72010286
1902985.3296369936,4612.48878693
1905624.6901956275,4613.25759913
1893044.0658574414,4614.02653947
1867421.284643205,4614.79560798
1892583.0917463964,4615.56480468
1910715.8098950924,4616.33412959
1875978.1874667346,4617.10358273
1868838.147959663,4617.87316412
1918681.704799164,4618.64287379
1917574.7748739484,4619.41271176
1853862.8850144658,4620.18267804
1828056.4178228732,4620.95277266
1827947.1120073276,4621.72299563
1866334.972959209,4622.49334699
1899044.0230587015,4623.26382676
1913880.7542173665,4624.03443494
1932315.666245204,4624.80517158
1919353.0666657907,4625.57603667
1897704.6568352345,4626.34703026
1890372.4799930854,4627.11815236
1892280.1431307837,4627.88940299
1887060.595254815,4628.66078217
1871610.396135274,4629.43228992
1833469.857021848,4630.20392627
1829397.1462883037,4630.97569124
1881421.8133188868,4631.74758484
1909267.0059230095,4632.51960711
1909373.2105442595,4633.29175805
1880795.516528704,4634.0640377
1845112.1646096108,4634.83644607
1830309.1366105524,4635.60898319
1850669.4275541063,4636.38164907
1869318.954302792,4637.15444374
1884351.0381334617,4637.92736723
1865464.8343029383,4638.70041954
1859165.9749302284,4639.47360071
1874644.8907866273,4640.24691075
1878549.8483823808,4641.02034969
1880532.6870181528,4641.79391754
1881397.907845176,4642.56761433
1881942.8742044515,4643.34144008
1896045.8990218858,4644.11539482
1906278.0582307354,4644.88947856
1919939.3232326952,4645.66369132
1900788.776932585,4646.43803313
1854189.9395547165,4647.212504
1819480.8262904393,4647.98710397
1799512.3689470454,4648.76183305
1800698.8049210217,4649.53669125
1802539.0909470355,4650.31167862
1827589.018202123,4651.08679515
1826789.3025082762,4651.86204089
1808037.474098114,4652.63741584
1826912.7243773807,4653.41292003
1873386.3052806456,4654.18855349
1863640.2426412657,4654.96431623
1819652.9855778646,4655.74020827
1835656.7045946287,4656.51622964
1834807.765626008,4657.29238035
1793923.9441967122,4658.06866044
1810262.244377258,4658.84506991
1879441.1488559197,4659.6216088
1909140.37853416,4660.39827712
1905148.615750131,4661.1750749
1878592.8049015084,4661.95200215
1842962.3435625688,4662.72905891
1824048.7188622202,4663.50624518
1812927.8976597544,4664.283561
1819674.683630725,4665.06100638
1841950.1625395482,4665.83858134
1845813.2589496525,4666.61628591
1810283.1141452284,4667.39412011
1771065.9514850625,4668.17208396
1776899.6496916472,4668.95017748
1811573.9251256539,4669.72840069
1819401.9996114464,4670.50675362
1800149.253881447,4671.28523628
1830078.5807807164,4672.0638487
1878801.4804893318,4672.84259091
1869671.683094945,4673.62146291
1848962.6791646397,4674.40046473
1850282.0526210242,4675.1795964
1855591.5968629448,4675.95885794
1870973.596769284,4676.73824936
1882934.8832751291,4677.5177707
1881479.5634431287,4678.29742196
1878872.8519109443,4679.07720318
1861701.3258549357,4679.85711437
1844247.7017664623,4680.63715556
1834769.4123705325,4681.41732676
1841158.1726625343,4682.19762801
1838387.3465100075,4682.97805931
1840361.2637833408,4683.7586207
1867668.7184148014,4684.53931219
1854921.9115883065,4685.32013381
1810580.163312578,4686.10108558
1783914.440454396,4686.88216751
1808998.807504443,4687.66337964
1840945.440167537,4688.44472198
1863085.3660701562,4689.22619456
1883634.5497891686,4690.00779739
1879972.8402770201,4690.78953049
1866095.321388211,4691.5713939
1851772.196493179,4692.35338763
1857337.395084304,4693.13551171
1869102.0684820707,4693.91776614
1873875.2714039409,4694.70015097
1876039.9220301209,4695.4826662
1879718.994517334,4696.26531187
1883694.7146351128,4697.04808798
1877296.6435736779,4697.83099457
1864237.3475762552,4698.61403165
1822566.787068159,4699.39719925
1790467.6312599028,4700.18049739
1818294.359324777,4700.96392609
1816955.5124339007,4701.74748538
1776493.5165821589,4702.53117526
1774015.8061122491,4703.31499577
1759908.4922863024,4704.09894693
1782887.5811000392,4704.88302876
1830075.2478717912,4705.66724128
1831248.4953564433,4706.45158452
1831582.3137646285,4707.23605849
1814603.547401704,4708.02066321
1794642.3960881652,4708.80539871
1789219.955887043,4709.59026502
1785199.9780523356,4710.37526214
1789798.6627910787,4711.16039011
1815304.9026937045,4711.94564895
1839043.0474002596,4712.73103867
1814545.0674498214,4713.5165593
1750200.7979245512,4714.30221086
1730242.3056624553,4715.08799338
1749274.310657593,4715.87390687
1757888.5033699328,4716.65995136
1750075.6819388857,4717.44612686
1755647.0460738703,4718.2324334
1767229.0593021517,4719.01887101
1783378.8782524825,4719.8054397
1795597.1835329977,4720.5921395
1809548.6374771576,4721.37897042
1828324.499938446,4722.1659325
1821392.6090098892,4722.95302574
1801050.873129054,4723.74025018
1803980.3113997038,4724.52760583
1830610.8142477775,4725.31509272
1844674.183526624,4726.10271087
1844318.5136873994,4726.8904603
1825871.7507477747,4727.67834103
1780347.9887528166,4728.46635309
1749552.171189008,4729.25449649
1759918.7669760343,4730.04277126
1771596.945936351,4730.83117742
1768751.6207540478,4731.61971499
1741955.0595406338,4732.408384
1737621.7725563354,4733.19718446
1767922.5691667928,4733.9861164
1759858.7315067342,4734.77517984
1765369.32254344,4735.5643748
1787394.7289439978,4736.35370131
1772011.6760304528,4737.14315938
1719150.1482813135,4737.93274903
1717162.7618228553,4738.7224703
1776232.7762172234,4739.5123232
1787074.39167401,4740.30230775
1774446.72392663,4741.09242397
1769715.6470584618,4741.8826719
1765533.626068907,4742.67305154
1773457.6660695476,4743.46356292
1789259.2901803784,4744.25420607
1802000.9185480766,4745.044981
1788146.3868646398,4745.83588773
1777446.3083085828,4746.6269263
1784553.3838845126,4747.41809672
1797797.0561324523,4748.20939901
1804733.982190291,4749.00083319
1783073.3876277066,4749.79239929
1731906.7055905447,4750.58409733
1747837.752380036,4751.37592733
1777729.6548459912,4752.16788931
1760891.2513063366,4752.9599833
1772823.476001672,4753.75220932
1787623.0961244358,4754.54456738
1759094.0255151084,4755.33705751
1758003.1851693962,4756.12967974
1759073.374402784,4756.92243408
1755516.1605724967,4757.71532056
1769938.287684598,4758.50833919
1774148.2600683842,4759.30149001
1782689.544780284,4760.09477303
1784623.6502313958,4760.88818828
1789576.2612963577,4761.68173577
1776915.2143783756,4762.47541553
1729261.7164906778,4763.26922758
1705220.1377115806,4764.06317195
1718197.4870958158,4764.85724865
1709598.556148776,4765.6514577
1727545.0258583399,4766.44579914
1728992.420817146,4767.24027298
1735152.4375792185,4768.03487924
1759866.3053517852,4768.82961794
1747073.5300355784,4769.62448912
1755710.3666858452,4770.41949278
1778177.9636385299,4771.21462896
1777368.0920639636,4772.00989766
1749469.5776533808,4772.80529893
1728159.0501710288,4773.60083277
1735989.6188768074,4774.39649921
1766664.7936746504,4775.19229828
1776513.8009314763,4775.98822999
1745547.4984390999,4776.78429436
1742857.575885632,4777.58049143
1776468.7831481183,4778.3768212
1782370.7465930567,4779.17328371
1771692.0186001686,4779.96987897
1737444.550276253,4780.76660701
1733969.9332250473,4781.56346784
1752234.731670901,4782.3604615
1747087.691048402,4783.15758801
1736734.6036900533,4783.95484737
1722901.6486067013,4784.75223963
1753229.2866290263,4785.54976479
1770727.2535458906,4786.34742289
1737967.7072484866,4787.14521394
1701148.2183506936,4787.94313797
1725856.0973069274,4788.741195
1741319.6830735535,4789.53938504
1717724.2630700248,4790.33770813
1711074.682073819,4791.13616429
1729567.0215227376,4791.93475353
1730102.9739050868,4792.73347588
1714963.3377423666,4793.53233136
1729445.0779759472,4794.33132
1757815.0962869448,4795.13044181
1767891.1888982472,4795.92969682
1769175.8044983032,4796.72908505
1748634.9437499691,4797.52860652
1737285.885300384,4798.32826126
1714934.2252718406,4799.12804928
1692034.0132002863,4799.92797061
1700273.8997977413,4800.72802528
1692492.2672988004,4801.5282133
1700432.0745283498,4802.32853469
1726604.2055261608,4803.12898948
1730739.889975541,4803.92957769
1733582.7071480923,4804.73029935
1725834.0853709115,4805.53115447
1696535.4445993814,4806.33214307
1700337.5125577531,4807.13326519
1711386.3810199695,4807.93452084
1716561.2021546692,4808.73591004
1715071.682903166,4809.53743281
1715661.8536593637,4810.33908919
1719852.74590301,4811.14087918
1704805.432299131,4811.94280282
1702002.5878150775,4812.74486013
1699581.7002974204,4813.54705112
1701302.2123901655,4814.34937582
1712916.6887763413,4815.15183425
1712474.8319573863,4815.95442644
1702779.9044527444,4816.7571524
1706718.4585516683,4817.56001216
1721992.112815743,4818.36300574
1726913.9167938828,4819.16613317
1726852.5117560823,4819.96939446
1718201.4241497463,4820.77278964
1709680.1745026486,4821.57631873
1718739.7787027832,4822.37998176
1725827.0479985443,4823.18377873
1691116.5729929637,4823.98770969
1633438.7959364213,4824.79177465
1628749.4472777299,4825.59597362
1645676.4246323342,4826.40030664
1664117.5771889468,4827.20477373
1683609.1051152367,4828.00937491
1681670.693271487,4828.8141102
1687147.6899543877,4829.61897962
1678889.8672148038,4830.4239832
1708229.0044591203,4831.22912096
1715155.5389194759,4832.03439291
1688427.6277292804,4832.83979909
1671053.7855934221,4833.64533952
1669561.449684538,4834.45101421
1682331.9991577393,4835.2568232
1684943.8227503896,4836.0627665
1664646.3968755305,4836.86884413
1661187.1323486418,4837.67505612
1698672.1736018409,4838.48140249
1700299.6041295181,4839.28788326
1673346.5362877243,4840.09449846
1642546.304096148,4840.9012481
1644166.891681222,4841.70813221
1677539.01102423,4842.51515082
1679985.5639328335,4843.32230394
1643891.0787418725,4844.12959159
1629790.381168162,4844.93701381
1653937.27669653,4845.74457061
1660514.7905842606,4846.55226201
1648102.449393767,4847.36008803
1640903.3704737367,4848.16804871
1616781.098029695,4848.97614406
1587511.8359636199,4849.7843741
1611004.028055053,4850.59273886
1648217.8226420425,4851.40123835
1636158.1195197806,4852.20987261
1603895.1783215774,4853.01864165
1599848.373472935,4853.8275455
1604102.9350989629,4854.63658417
1570940.9348488345,4855.4457577
1504719.0455892147,4856.2550661
1564618.7205372986,4857.0645094
2146703.975151033,4857.87408761
4197834.237759349,4858.68380077
9798153.538430572,4859.49364889
21300889.390054733,4860.30363199
38251710.81593148,4861.1137501
54547868.70690965,4861.92400325
61118123.34618268,4862.73439145
53752956.91362816,4863.54491472
37135290.92338005,4864.35557309
20353772.455044113,4865.16636659
9228836.71236951,4865.97729522
3950784.605007869,4866.78835902
2105403.4722402766,4867.59955802
1632810.8499939952,4868.41089222
1535400.9591293926,4869.22236165
1547676.1623888928,4870.03396635
1579655.1443987985,4870.84570632
1567293.6916928205,4871.65758159
1526805.9800731025,4872.46959218
1537132.718373273,4873.28173813
1581672.5372181428,4874.09401944
1589663.835624034,4874.90643614
1595530.1672453906,4875.71898826
1599364.6699084502,4876.53167581
1576910.4087397964,4877.34449882
1596426.3883404946,4878.15745732
1619641.724163691,4878.97055132
1629185.5558048708,4879.78378084
1669914.9269748256,4880.59714592
1676304.4180226005,4881.41064657
1649312.5302120955,4882.22428281
1618249.4466172769,4883.03805467
1622912.1647334418,4883.85196217
1619359.8298478436,4884.66600533
1610417.826231885,4885.48018418
1607262.9945362676,4886.29449873
1600602.0955982679,4887.10894902
1595191.5050669212,4887.92353506
1598085.7871122048,4888.73825687
1592617.1130611217,4889.55311448
1581484.204508838,4890.36810792
1600527.1716513482,4891.18323719
1557172.6288733906,4891.99850234
1558306.7939938419,4892.81390337
1615407.5293230582,4893.62944031
1616247.3452057457,4894.44511319
1616169.9834611407,4895.26092202
1651084.020679795,4896.07686684
1681966.4826528486,4896.89294765
1686619.3942400874,4897.70916449
1678873.6457936182,4898.52551738
1653148.5867522324,4899.34200634
1608898.3074280722,4900.15863139
1557155.2145317825,4900.97539256
1574014.424700948,4901.79228986
1623803.3437501912,4902.60932333
1632208.5458716585,4903.42649298
1619339.8477347374,4904.24379883
1611443.5727940577,4905.06124092
1625893.6322424442,4905.87881926
1648850.1187404029,4906.69653387
1637511.6078468398,4907.51438477
1574143.3129833387,4908.332372
1517799.8447885178,4909.15049557
1531053.6306016056,4909.96875551
1563689.8073435028,4910.78715183
1544495.60967004,4911.60568457
1538528.3637309037,4912.42435373
1575147.2832868467,4913.24315936
1610928.740721894,4914.06210146
1610414.4879283584,4914.88118007
1587416.032457362,4915.7003952
1594060.5932682394,4916.51974687
1629711.8000906284,4917.33923512
1640856.141380041,4918.15885996
1623055.8102926386,4918.97862141
1584109.2366495298,4919.79851951
1563297.6785638481,4920.61855426
1530054.0710680236,4921.4387257
1496817.6927581788,4922.25903384
1491997.8502793154,4923.07947872
1525850.3976212763,4923.90006034
1527426.661245915,4924.72077875
1491050.6052895456,4925.54163394
1535798.3328889245,4926.36262596
1605239.4832983157,4927.18375483
1631869.840627509,4928.00502056
1616029.020863786,4928.82642318
1623703.6105708831,4929.64796271
1641846.8601699844,4930.46963917
1628591.2515792975,4931.29145259
1628592.4380830328,4932.113403
1629683.055685828,4932.9354904
1608451.5724795745,4933.75771483
1554997.5177168127,4934.58007631
1523902.0023718302,4935.40257487
1575866.8690247762,4936.22521051
1603935.9988961131,4937.04798328
1589578.985699231,4937.87089318
1569612.8757180811,4938.69394025
1557784.9399290744,4939.5171245
1553050.6725587316,4940.34044597
1586664.4337307557,4941.16390466
1620956.0934992165,4941.98750061
1620559.0405508417,4942.81123383
1603043.2018289987,4943.63510436
1579717.515327911,4944.45911221
1540702.9578991118,4945.28325741
1506461.994759075,4946.10753997
1511585.1324262978,4946.93195993
1550579.0311824204,4947.7565173
1569057.1719560665,4948.58121211
1591280.5012042688,4949.40604438
1614152.1604629853,4950.23101413
1598117.2400021343,4951.05612139
1587285.7502838757,4951.88136618
1608265.850162223,4952.70674852
1608638.1989178108,4953.53226843
1636534.9627113487,4954.35792595
1896256.2955911043,4955.18372108
2910908.5620078975,4956.00965386
5833436.544080827,4956.83572431
12191053.536140796,4957.66193245
22273812.905336265,4958.48827829
33171661.777996175,4959.31476188
39198975.02424959,4960.14138322
36432913.511235885,4960.96814235
26715787.87843683,4961.79503928
15693729.741857737,4962.62207404
7749701.271602516,4963.44924664
3697036.399865157,4964.27655712
2168843.824646386,4965.1040055
1709500.6618191504,4965.9315918
1588362.4432137047,4966.75931604
1567964.3304817006,4967.58717825
1571008.1059197206,4968.41517844
1558812.3238546958,4969.24331665
1563873.1794055526,4970.07159289
1574555.01199087,4970.90000719
1553984.2504161068,4971.72855957
1555246.4970608274,4972.55725005
1582312.9805363968,4973.38607866
1590244.2534178656,4974.21504541
1592198.1785341145,4975.04415035
1600484.7507694175,4975.87339347
1599645.9479400492,4976.70277482
1591103.8475496985,4977.53229441
1590330.7356047863,4978.36195226
1574621.5249820347,4979.1917484
1551967.947427993,4980.02168285
1545915.9226311771,4980.85175563
1538756.262379365,4981.68196677
1527775.8658433398,4982.5123163
1494887.9268334156,4983.34280422
1485942.223679854,4984.17343057
1494807.312492311,4985.00419537
1512850.1750554538,4985.83509864
1519940.4202066544,4986.66614041
1534841.1643213942,4987.4973207
1554567.2038594321,4988.32863953
1565718.8489152093,4989.16009692
1560081.3877618837,4989.9916929
1558987.9983108256,4990.82342749
1552826.9645023018,4991.65530072
1516471.0006438135,4992.4873126
1521128.9523695486,4993.31946316
1526346.7662283494,4994.15175243
1505536.2056440068,4994.98418042
1530161.229793187,4995.81674716
1555686.8992662595,4996.64945268
1542546.5507490009,4997.48229699
1532574.1428862603,4998.31528012
1534810.303509047,4999.14840209
1528168.9822048678,4999.98166293
1515579.621355308,5000.81506265
1533457.9512019153,5001.64860129
1762843.8239444126,5002.48227886
2927925.066223786,5003.31609539
7124262.259759764,5004.1500509
18379794.975281525,5004.98414541
40909886.603361115,5005.81837895
73253569.1182079,5006.65275155
103331077.50662349,5007.48726321
114082170.27570033,5008.32191398
98441801.22833581,5009.15670386
66515846.21735624,5009.99163289
35434886.95477036,5010.82670108
15286043.876014007,5011.66190846
5870691.68712952,5012.49725505
2565760.498413044,5013.33274089
1697476.2292370196,5014.16836598
1510076.4955311366,5015.00413035
1470020.510560427,5015.84003403
1455377.3824525436,5016.67607703
1460031.9779452733,5017.51225939
1479594.3706553027,5018.34858113
1437784.405823002,5019.18504226
1414426.6303464118,5020.02164282
1457636.1912363525,5020.85838282
1486636.6642963677,5021.69526229
1496492.4120272405,5022.53228125
1475215.590309726,5023.36943972
1487311.9990248168,5024.20673773
1525178.983753455,5025.04417531
1534272.4951324803,5025.88175247
1532537.6348144158,5026.71946923
1538420.2987116838,5027.55732563
1511671.8717226142,5028.39532168
1498543.8646528523,5029.23345741
1529213.051007766,5030.07173284
1543651.348574084,5030.910148
1519663.4978013004,5031.7487029
1506394.3412527747,5032.58739757
1533313.5265551333,5033.42623204
1552987.234180582,5034.26520633
1547561.8890349998,5035.10432045
1520946.7005062776,5035.94357444
1475220.9305453536,5036.78296832
1459594.163085452,5037.6225021
1498309.7351881482,5038.46217582
1510242.931986265,5039.3019895
1486463.9792288407,5040.14194316
1471514.6461690764,5040.98203683
1435594.432745036,5041.82227052
1395298.011057808,5042.66264426
1448691.9146723042,5043.50315807
1523867.2409031703,5044.34381198
1532946.8652249393,5045.18460602
1536654.2143258716,5046.02554019
1544704.1371545736,5046.86661454
1537311.006089581,5047.70782907
1504453.5870952203,5048.54918382
1467190.796739971,5049.39067881
1472074.1205431689,5050.23231406
1491127.8203992813,5051.07408959
1506704.0108246047,5051.91600543
1486158.9984994172,5052.7580616
1479566.2802347129,5053.60025812
1518928.2152704732,5054.44259502
1544043.8064172778,5055.28507233
1538478.9104731795,5056.12769006
1501125.128561613,5056.97044823
1486663.7608920129,5057.81334688
1511197.7415978338,5058.65638602
1523152.2911116274,5059.49956568
1531158.2835726866,5060.34288589
1527676.8966187134,5061.18634665
1539181.6088414902,5062.02994801
1547310.9483525218,5062.87368998
1542447.204381483,5063.71757258
1531324.7972196455,5064.56159584
1495126.0443595878,5065.40575979
1456796.8237071808,5066.25006444
1482704.545585869,5067.09450982
1505231.388279963,5067.93909595
1494187.246494582,5068.78382286
1478859.2801230524,5069.62869056
1471823.7107057953,5070.47369909
1498711.5928654105,5071.31884847
1508610.6551099115,5072.16413872
1479949.5839792418,5073.00956986
1459185.6559527584,5073.85514192
1491319.7976214422,5074.70085491
1506360.8190579955,5075.54670888
1492760.859389922,5076.39270382
1476820.0870258848,5077.23883978
1481587.580620561,5078.08511678
1509882.0229231543,5078.93153483
1493260.6468741766,5079.77809396
1438120.1492901419,5080.6247942
1417774.8617866312,5081.47163557
1439641.5213491651,5082.31861809
1474510.6208355557,5083.16574178
1477834.076415196,5084.01300668
1464392.3127671534,5084.86041279
1471160.1025645558,5085.70796016
1479815.978016927,5086.55564879
1471085.355749117,5087.40347871
1449271.570386601,5088.25144996
1462729.418362447,5089.09956254
1482262.7628949836,5089.94781649
1478471.1385419995,5090.79621182
1463375.0005023691,5091.64474856
1435807.5323382416,5092.49342674
1445749.469347197,5093.34224638
1476577.0976834663,5094.1912075
1495543.5240063518,5095.04031012
1499631.9792097695,5095.88955428
1498476.1880654157,5096.73893998
1473982.6736193462,5097.58846727
1435228.925246871,5098.43813615
1424108.7403138024,5099.28794665
1395961.8380397265,5100.1378988
1402108.4708381246,5100.98799263
1425128.4561381524,5101.83822814
1461444.0623181935,5102.68860538
1486011.6791538328,5103.53912435
1478352.5887899895,5104.38978509
1479550.357099958,5105.24058762
1475735.3093588639,5106.09153196
1470911.0654353187,5106.94261814
1469403.7378214782,5107.79384618
1440471.3519651801,5108.6452161
1441013.3885166335,5109.49672792
1456971.828263638,5110.34838168
1443246.9756673186,5111.20017739
1446399.1100000066,5112.05211508
1468947.5572372829,5112.90419477
1470148.512915788,5113.75641649
1468288.3286635263,5114.60878025
1467973.9721391588,5115.46128609
1459136.0948622592,5116.31393402
1463737.0101517544,5117.16672407
1481878.1122932937,5118.01965627
1494497.4006811038,5118.87273063
1489715.934727652,5119.72594719
1472970.9920691708,5120.57930596
1460565.1217794388,5121.43280697
1453951.728319687,5122.28645024
1445117.0749111124,5123.14023579
1422433.8639591397,5123.99416366
1397799.4002073985,5124.84823385
1416934.8913395756,5125.70244641
1423284.3794115037,5126.55680134
1422154.9192770545,5127.41129868
1409021.1767660468,5128.26593845
1402895.2193304882,5129.12072067
1407448.9458186654,5129.97564537
1399115.1268186485,5130.83071256
1418986.102853256,5131.68592228
1420895.7401023246,5132.54127454
1416867.4193831768,5133.39676938
1416161.6031686028,5134.25240681
1427970.270276362,5135.10818685
1462095.781398094,5135.96410954
1472567.6010916892,5136.8201749
1441739.3650206053,5137.67638294
1414660.6839234314,5138.5327337
1437469.9516919332,5139.3892272
1416543.329266979,5140.24586345
1406310.0500359817,5141.10264249
1451753.1152183847,5141.95956434
1442436.3305095984,5142.81662902
1392331.331370753,5143.67383656
1385403.1767200343,5144.53118697
1424268.3272775745,5145.38868029
1422412.5817191023,5146.24631654
1399813.0200268927,5147.10409574
1399894.1197629734,5147.96201791
1405132.7950201358,5148.82008309
1402134.5723691073,5149.67829128
1425433.4465351508,5150.53664253
1424132.5075588422,5151.39513684
1405106.9946252736,5152.25377425
1408130.9714737136,5153.11255477
1413084.7769279145,5153.97147844
1384260.5965462923,5154.83054527
1367682.2023933716,5155.6897553
1394758.2097587385,5156.54910853
1407363.4047393347,5157.40860501
1421030.38316945,5158.26824474
1426526.4679924834,5159.12802776
1402109.3207104206,5159.98795409
1379661.6248626786,5160.84802376
1382557.5017615038,5161.70823678
1372250.9511937336,5162.56859318
1372485.1849926794,5163.42909298
1401790.1129209877,5164.28973621
1412847.4266865526,5165.1505229
1389549.332252917,5166.01145306
1362742.9896255604,5166.87252673
1323788.86403717,5167.73374391
1282728.8570137264,5168.59510465
1285463.7251236264,5169.45660896
1280407.089497273,5170.31825686
1345269.1547742311,5171.18004838
1395072.8871080752,5172.04198355
1361536.4600927366,5172.90406239
1310365.383752193,5173.76628491
1311107.1369106956,5174.62865116
1364252.4716847108,5175.49116114
1412973.0669210618,5176.35381488
1410010.3796109746,5177.21661242
1393557.7488012882,5178.07955376
1397980.0284689893,5178.94263894
1410924.4126505703,5179.80586798
1417556.9555668188,5180.66924091
1414869.7870726958,5181.53275774
1417415.0053367883,5182.3964185
1410685.2548774402,5183.26022322
1357182.3832921414,5184.12417192
1292490.7557903875,5184.98826462
1325018.369974684,5185.85250135
1367551.9122434724,5186.71688213
1378780.0013559747,5187.58140698
1402055.4656419337,5188.44607594
1382529.2252676652,5189.31088902
1369957.6411690202,5190.17584624
1427145.8695431955,5191.04094764
1442457.8635203743,5191.90619323
1380311.4386381556,5192.77158304
1335527.3411685154,5193.6371171
1362386.189390774,5194.50279543
1401651.0651516528,5195.36861804
1377435.6535944976,5196.23458497
1361671.7908901866,5197.10069624
1381424.7537900694,5197.96695188
1388470.786348258,5198.8333519
1434358.0117286532,5199.69989634
1496681.9563717996,5200.56658521
1513920.1444094025,5201.43341854
1518406.0043747874,5202.30039636
1490688.6224492986,5203.16751868
1441360.7028615396,5204.03478554
1426252.866345891,5204.90219695
1381802.0987395216,5205.76975294
1342854.4872616811,5206.63745354
1328343.3177354792,5207.50529877
1360649.9856725307,5208.37328865
1347957.617208882,5209.24142321
1330917.3467505372,5210.10970247
1372548.7821471875,5210.97812645
1376789.32378498,5211.84669518
1372205.4495338488,5212.71540869
1383504.23331382,5213.58426699
1400238.2788307308,5214.45327012
1404570.8753049416,5215.32241809
1380873.6254552943,5216.19171093
1351677.3138813588,5217.06114867
1338026.6610349403,5217.93073133
1335227.9269744733,5218.80045892
1357923.1373858762,5219.67033149
1387304.0870294455,5220.54034904
1393822.9648576577,5221.41051161
1400264.9076440432,5222.28081922
1400402.9855373623,5223.15127189
1398310.945388262,5224.02186965
1387598.5876974496,5224.89261252
1362883.4287985037,5225.76350053
1334422.8166081372,5226.6345337
1287507.8456443034,5227.50571205
1248636.2207967935,5228.37703561
1305891.4443413268,5229.2485044
1378367.0248916778,5230.12011845
1389960.5478651526,5230.99187778
1393975.3585569486,5231.86378242
1407214.325204648,5232.73583239
1373827.7903617395,5233.60802771
1339881.5459143573,5234.4803684
1333267.6296111816,5235.3528545
1324501.7001243795,5236.22548603
1358336.2908254152,5237.09826301
1376518.810563521,5237.97118546
1374470.6925667753,5238.84425341
1387204.0200631286,5239.71746689
1381664.746392976,5240.59082591
1373367.0418264598,5241.4643305
1395840.3614584228,5242.33798069
1405194.0173657616,5243.2117765
1383927.8788635016,5244.08571796
1380911.3612209659,5244.95980508
1402920.2042022657,5245.8340379
1398652.0544965188,5246.70841644
1366322.9230635888,5247.58294072
1340224.0033066347,5248.45761076
1356998.4662351222,5249.33242659
1371882.1975165342,5250.20738824
1345801.777369718,5251.08249573
1335634.2557276054,5251.95774908
1356225.6490641204,5252.83314832
1374959.3514148938,5253.70869347
1374299.4035121398,5254.58438456
1363380.5852250336,5255.46022161
1326836.5988655859,5256.33620464
1333809.285103035,5257.21233369
1370490.9854166945,5258.08860876
1386120.9888279159,5258.9650299
1388607.7848212977,5259.84159712
1361278.267054499,5260.71831044
1348149.7935441434,5261.59516989
1347213.7668672174,5262.4721755
1321057.3842697497,5263.34932729
1305610.718762989,5264.22662529
1288123.8823701015,5265.10406951
1280898.6990812065,5265.98165999
1285604.8970234804,5266.85939674
1296426.0364744992,5267.73727979
1336663.0286539847,5268.61530917
1338202.4732990894,5269.4934849
1283822.7839742552,5270.37180701
1257544.873069789,5271.25027551
1304221.8877518803,5272.12889044
1352766.5071622285,5273.00765182
1336142.0326354154,5273.88655967
1318963.3208227018,5274.76561401
1331605.2880878288,5275.64481488
1301286.889934379,5276.52416229
1285560.8412850357,5277.40365628
1341307.8961668473,5278.28329685
1384000.7070324167,5279.16308405
1382072.280332216,5280.04301789
1345177.2360979328,5280.9230984
1326430.182481936,5281.8033256
1344471.4018468054,5282.68369951
1348226.5378643966,5283.56422017
1336199.5788497047,5284.4448876
1301264.631175427,5285.32570181
1325982.1610616192,5286.20666284
1377659.7853230338,5287.08777071
1402074.6399591698,5287.96902544
1394310.5546340966,5288.85042706
1378962.196616433,5289.73197559
1377145.492772141,5290.61367106
1384774.9244471812,5291.49551349
1386981.2850976672,5292.3775029
1376663.0342589736,5293.25963933
1362764.0862341714,5294.14192279
1364317.5409391914,5295.02435331
1374286.5251832393,5295.90693092
1372895.433406216,5296.78965563
1350835.9413006208,5297.67252748
1316810.7645584573,5298.55554648
1296819.2035260205,5299.43871267
1326872.558102331,5300.32202606
1364762.4481879256,5301.20548668
1350282.0169805686,5302.08909456
1326273.7431880783,5302.97284972
1314425.3084911758,5303.85675219
1331769.8335861678,5304.74080198
1349853.9400473572,5305.62499913
1353493.5855928753,5306.50934366
1343588.9243856661,5307.39383559
1337336.6371882858,5308.27847494
1333045.2006352,5309.16326175
1335666.3393296709,5310.04819604
1355407.888806628,5310.93327783
1354859.88456085,5311.81850714
1353624.878346894,5312.703884
1361622.123939231,5313.58940844
1348276.457658525,5314.47508048
1344669.4781339644,5315.36090014
1349174.2395751153,5316.24686746
1317956.3356722689,5317.13298244
1268602.779456639,5318.01924512
1291459.1870764713,5318.90565553
1319182.965494303,5319.79221368
1318348.2662650412,5320.67891961
1320161.4157336599,5321.56577333
1325024.4055401427,5322.45277488
1326083.3081162116,5323.33992427
1336936.14645941,5324.22722153
1326341.9126844583,5325.11466668
1311190.4592784545,5326.00225976
1305885.2379482372,5326.89000078
1310360.0887688403,5327.77788976
1289441.4674582405,5328.66592675
1226013.501235686,5329.55411175
1241327.8952360817,5330.44244479
1287213.176792585,5331.3309259
1314238.436365984,5332.21955511
1329869.9676644923,5333.10833243
1321845.7392446692,5333.9972579
1321374.9627813825,5334.88633153
1318414.4312789969,5335.77555335
1315014.747820917,5336.66492338
1296558.963333473,5337.55444166
1266407.9807684037,5338.44410821
1288612.8525949058,5339.33392304
1318614.5921273879,5340.22388619
1304255.5066562223,5341.11399768
1292132.828884567,5342.00425753
1315728.3777500938,5342.89466577
1341740.897481084,5343.78522243
1342127.6075784783,5344.67592752
1341845.0587900984,5345.56678108
1316785.255680008,5346.45778312
1284146.8291372946,5347.34893368
1306629.9027722857,5348.24023278
1323049.8724291762,5349.13168043
1307403.2274919213,5350.02327668
1285017.6193775889,5350.91502153
1295255.6075687017,5351.80691503
1335093.681175179,5352.69895718
1342457.1153776736,5353.59114802
1329329.4822332808,5354.48348757
1339269.9884173353,5355.37597586
1360310.4832704074,5356.2686129
1353843.7275617644,5357.16139874
1343200.1211868878,5358.05433338
1339147.1178102673,5358.94741686
1349368.0200766893,5359.84064919
1356429.0398248564,5360.73403041
1358071.8464479693,5361.62756054
1339647.49599028,5362.52123961
1314220.2828125048,5363.41506763
1298317.6947280825,5364.30904464
1309892.731085233,5365.20317066
1304910.472225713,5366.09744571
1309588.3023904806,5366.99186981
1325057.5964852856,5367.886443
1314539.089066298,5368.7811653
1319963.2248341006,5369.67603673
1303327.9636116885,5370.57105732
1272335.3005333976,5371.46622709
1258772.7464833136,5372.36154607
1263116.2310989387,5373.25701428
1311505.591664072,5374.15263175
1329497.4538598205,5375.0483985
1341768.1318137879,5375.94431456
1347525.9184036271,5376.84037995
1331456.0386082535,5377.7365947
1308351.0049567935,5378.63295882
1296939.3215050155,5379.52947236
1306195.7023915192,5380.42613532
1302959.306254284,5381.32294774
1286333.7798964782,5382.21990965
1292966.2391536885,5383.11702106
1297927.962671847,5384.014282
1294562.5893616693,5384.91169249
1309368.6284914995,5385.80925257
1308324.3173847406,5386.70696225
1306074.630434101,5387.60482156
1306350.2884049953,5388.50283053
1303788.8182304816,5389.40098918
1298599.156631161,5390.29929754
1288698.3132450911,5391.19775562
1289446.5697231782,5392.09636346
1277715.3496015952,5392.99512109
1266785.1140619393,5393.89402851
1272987.9237087145,5394.79308577
1294402.4356857606,5395.69229288
1301359.5435674998,5396.59164988
1274187.5872025725,5397.49115677
1236424.9692166466,5398.3908136
1261386.8488418069,5399.29062039
1299741.0845371732,5400.19057715
1300796.7688898789,5401.09068392
1278213.9998613128,5401.99094072
1277019.5389525404,5402.89134758
1286892.8191106105,5403.79190451
1277385.1757564608,5404.69261155
1255241.5530412172,5405.59346872
1246650.5376512248,5406.49447605
1237355.3499000499,5407.39563356
1251560.6599265398,5408.29694127
1265973.3556938497,5409.19839921
1272875.2587382891,5410.10000741
1254698.338277152,5411.00176589
1250738.5185976524,5411.90367468
1262017.4264209077,5412.80573379
1290843.3166276426,5413.70794326
1296557.2367268568,5414.61030311
1283197.8389908855,5415.51281337
1273983.581364233,5416.41547406
1294996.5791996336,5417.3182852
1315942.3796036523,5418.22124683
1311601.9701594578,5419.12435896
1288465.0418700776,5420.02762162
1281395.6628670427,5420.93103484
1276781.3714545078,5421.83459864
1281415.926724784,5422.73831305
1302194.687087441,5423.64217809
1300449.5483257568,5424.54619379
1260715.3400320131,5425.45036016
1251266.5788613397,5426.35467725
1281300.425742347,5427.25914506
1308371.4184088998,5428.16376364
1309426.316597575,5429.06853299
1280425.803325244,5429.97345316
1232384.6917245064,5430.87852415
1246226.300052709,5431.78374601
1285275.5043551188,5432.68911874
1268295.2191543584,5433.59464239
1246000.1365589958,5434.50031697
1250065.5804791092,5435.4061425
1246261.181864204,5436.31211902
1254617.4695345208,5437.21824655
1260412.8053730119,5438.12452511
1282399.0435938619,5439.03095473
1301314.8388331658,5439.93753544
1309494.6993675057,5440.84426725
1312098.114497242,5441.7511502
1306467.8514924527,5442.65818431
1301858.1182840548,5443.56536961
1304508.6340023763,5444.47270611
1301551.8233446518,5445.38019385
1278253.9605225883,5446.28783285
1252440.1838647877,5447.19562314
1217359.1496018288,5448.10356473
1236146.8440362266,5449.01165767
1267624.866680428,5449.91990196
1278911.050695183,5450.82829764
1292474.448506015,5451.73684474
1296527.7311218828,5452.64554327
1286602.2986762745,5453.55439326
1274656.4628291987,5454.46339474
1260922.904027806,5455.37254773
1229040.9731793674,5456.28185226
1203408.6792479816,5457.19130836
1247935.0446200876,5458.10091604
1280277.7600146055,5459.01067534
1291929.7279641454,5459.92058627
1293627.6728025523,5460.83064888
1283741.2296047863,5461.74086317
1280093.581195845,5462.65122917
1270155.3178408567,5463.56174692
1244542.4001847138,5464.47241643
1254419.512957074,5465.38323773
1278582.8678519363,5466.29421085
1268228.6262889614,5467.20533581
1246747.150985696,5468.11661264
1258494.6362870412,5469.02804136
1271466.3567807884,5469.93962199
1270946.6953707512,5470.85135457
1264225.7870238596,5471.76323912
1266604.5847176993,5472.67527566
1260832.182218198,5473.58746422
1233211.6273664657,5474.49980482
1230974.690499773,5475.4122975
1256657.103661285,5476.32494226
1237394.08695127,5477.23773915
1178869.6559824056,5478.15068819
1186966.6200196804,5479.06378939
1228926.9813546864,5479.97704279
1260475.1019341075,5480.89044841
1247653.381782223,5481.80400628
1217334.810359837,5482.71771642
1225873.5003157197,5483.63157886
1239884.1296359154,5484.54559362
1257580.8654821548,5485.45976074
1271155.5895062154,5486.37408022
1268988.795518372,5487.2885521
1246923.7077177418,5488.20317641
1216624.4058679142,5489.11795317
1236465.7013163322,5490.03288241
1247603.5169086466,5490.94796414
1233685.4125796028,5491.8631984
1247905.4327631271,5492.77858521
1251475.0065807686,5493.69412461
1229412.2131126632,5494.6098166
1233942.2780198893,5495.52566122
1254419.9438113968,5496.44165849
1261827.1609240146,5497.35780845
1242608.3892861586,5498.27411111
1225253.1569736977,5499.19056649
1252553.2458191959,5500.10717464
1270644.41868112,5501.02393556
1258831.2975951033,5501.94084929
1225922.9873850592,5502.85791585
1217362.8003158309,5503.77513527
1218110.9461793255,5504.69250757
1228165.772757346,5505.61003278
1234290.242499968,5506.52771092
1210827.757895918,5507.44554203
1206887.2787108256,5508.36352611
1231098.2936661597,5509.28166321
1229329.0059344359,5510.19995334
1213420.7238516628,5511.11839654
1213607.8574129175,5512.03699282
1214632.7599178243,5512.95574221
1199988.8143777954,5513.87464474
1222968.6239837264,5514.79370043
1251063.6356208858,5515.71290931
1292134.2237970023,5516.63227141
1351906.3592763864,5517.55178675
1400561.7700858254,5518.47145535
1429478.5624061462,5519.39127724
1407808.3108181118,5520.31125245
1350857.3030617735,5521.231381
1285224.7468608283,5522.15166292
1245591.264703153,5523.07209823
1243028.7094700215,5523.99268696
1239826.0081802788,5524.91342913
1236077.1841072482,5525.83432478
1223944.9763701905,5526.75537392
1208863.5853805768,5527.67657658
1195773.0342221723,5528.59793278
1183962.17510129,5529.51944256
1190866.7835017042,5530.44110594
1216367.0687308505,5531.36292294
1235514.9751534672,5532.28489359
1243720.6880901065,5533.20701791
1234065.5382231385,5534.12929594
1237564.372497392,5535.05172769
1226374.8299310824,5535.97431319
1245078.9459671283,5536.89705247
1317206.745038153,5537.81994555
1360509.2147136738,5538.74299246
1360046.5264504137,5539.66619322
1338591.5623286145,5540.58954786
1311115.5213576262,5541.51305641
1287013.0880702976,5542.43671889
1268782.8048853565,5543.36053533
1250213.1345441232,5544.28450575
1226138.7683090072,5545.20863017
1211951.879508253,5546.13290863
1216286.2500906966,5547.05734115
1220751.6410320944,5547.98192775
1231448.2415790814,5548.90666847
1232790.6578224048,5549.83156332
1229922.046750682,5550.75661233
1235142.9866901373,5551.68181553
1234786.0587812737,5552.60717294
1226394.7771471292,5553.5326846
1224921.5322738523,5554.45835051
1222183.8566893358,5555.38417072
1219453.3663166275,5556.31014525
1229798.3996653724,5557.23627411
1236819.3190817079,5558.16255735
1228900.20075726,5559.08899497
1223505.947998278,5560.01558702
1216105.662247369,5560.94233351
1215892.8897324796,5561.86923447
1213930.3916513445,5562.79628993
1200412.3383140168,5563.72349991
1202112.9099135841,5564.65086444
1219503.8834706068,5565.57838354
1220526.9897960497,5566.50605724
1207064.5180538902,5567.43388557
1208608.9892102175,5568.36186855
1211780.011082785,5569.2900062
1210880.1060400112,5570.21829856
1197635.4071573021,5571.14674564
1214635.0929836126,5572.07534748
1218903.9448413202,5573.0041041
1185498.6767559873,5573.93301552
1189409.4057712993,5574.86208178
1229962.3599836056,5575.79130289
1236240.643942539,5576.72067889
1225610.648610339,5577.65020979
1232410.7286173045,5578.57989563
1231305.5060246936,5579.50973644
1229818.2475661766,5580.43973222
1242052.6891737448,5581.36988302
1233494.0542670921,5582.30018886
1206366.793282058,5583.23064976
1207766.2778074276,5584.16126575
1202580.6265959684,5585.09203686
1189975.081992371,5586.0229631
1196564.4416827606,5586.95404452
1176653.8069921692,5587.88528113
1156956.35243254,5588.81667296
1149392.243462201,5589.74822003
1149609.5490239086,5590.67992237
1168526.7451037592,5591.61178001
1181486.5199225524,5592.54379297
1174992.2963161387,5593.47596128
1176063.5831928053,5594.40828497
1175708.8847307952,5595.34076405
1180062.941916068,5596.27339857
1214453.382257246,5597.20618853
1225700.0279573533,5598.13913397
1196607.0149518335,5599.07223492
1166703.7084445131,5600.00549139
1182479.306221107,5600.93890342
1187510.9874198807,5601.87247103
1182341.6104393194,5602.80619425
1174060.753180657,5603.74007311
1166927.2762076997,5604.67410762
1191147.9551835598,5605.60829782
1206955.8691713638,5606.54264373
1213285.8102336868,5607.47714537
1214210.5292728727,5608.41180278
1215911.7640840074,5609.34661598
1212519.9824446093,5610.281585
1208966.9887002653,5611.21670985
1209395.6999273389,5612.15199058
1211267.4220720204,5613.08742719
1215775.7927894564,5614.02301973
1214010.3562257453,5614.95876821
1181913.5409347632,5615.89467266
1142255.0250454883,5616.83073311
1163939.9242371055,5617.76694958
1194985.4665238587,5618.7033221
1191194.1770552339,5619.6398507
1180954.0339479027,5620.57653539
1175568.5730666278,5621.51337622
1183675.4445859962,5622.45037319
1194545.8554700748,5623.38752635
1189483.3866178787,5624.32483571
1167270.0554234176,5625.2623013
1148816.8232356375,5626.19992315
1165607.3014885173,5627.13770129
1183222.889592246,5628.07563573
1179490.693515008,5629.01372651
1189005.1889358528,5629.95197365
1200458.1603806182,5630.89037717
1201714.843490391,5631.82893711
1205884.0773487338,5632.76765349
1205497.1934394205,5633.70652634
1197501.746735781,5634.64555568
1188002.6470256448,5635.58474153
1188597.3324544348,5636.52408393
1182759.106757958,5637.4635829
1174931.767797544,5638.40323847
1174229.2778732076,5639.34305066
1178761.5076770845,5640.2830195
1179531.8208842436,5641.22314501
1158337.9323900354,5642.16342722
1151940.6937911455,5643.10386616
1170688.1405566079,5644.04446185
1170553.7546812487,5644.98521432
1166792.584515539,5645.9261236
1166097.0207351495,5646.8671897
1167076.2655006738,5647.80841267
1172810.317941372,5648.74979252
1169248.8720042068,5649.69132928
1172811.1032869061,5650.63302297
1177182.1464750234,5651.57487363
1184254.499770277,5652.51688127
1188777.3788069042,5653.45904593
1194247.5447148902,5654.40136763
1192149.0245472512,5655.34384639
1177921.42758154,5656.28648225
1174727.0732797484,5657.22927523
1177120.5610350058,5658.17222535
1125265.4239732996,5659.11533265
1082146.2002711927,5660.05859714
1125296.5999310198,5661.00201885
1163276.8975977662,5661.94559782
1155560.4972234434,5662.88933406
1131444.6128190549,5663.83322761
1141864.1828960143,5664.77727848
1170496.8741424782,5665.72148671
1175870.9009405414,5666.66585232
1164530.7921387379,5667.61037533
1140799.1251928746,5668.55505578
1135965.931076153,5669.49989369
1139376.944769417,5670.44488909
1152386.757245752,5671.390042
1159484.9847599866,5672.33535245
1167116.7560440495,5673.28082046
1185710.0938523225,5674.22644606
1190092.890203802,5675.17222928
1180014.2689309004,5676.11817015
1173370.6774346502,5677.06426868
1183672.6383647008,5678.01052491
1188133.707220419,5678.95693887
1177791.1544136473,5679.90351057
1168456.6886154036,5680.85024004
1173840.6450612536,5681.79712732
1171835.5610222467,5682.74417243
1151859.0546461514,5683.69137539
1147740.970907264,5684.63873623
1145800.835378648,5685.58625498
1152176.4884471388,5686.53393166
1150160.9684005722,5687.4817663
1139587.9349338117,5688.42975892
1134601.2595755078,5689.37790956
1138657.7561337466,5690.32621823
1155600.819132924,5691.27468497
1159866.532869335,5692.2233098
1171151.701545766,5693.17209275
1179031.536514483,5694.12103384
1179949.1505751233,5695.07013311
1171317.3932210903,5696.01939056
1156267.9150084907,5696.96880624
1156900.5546846518,5697.91838017
1162611.0057051515,5698.86811238
1145037.1504444424,5699.81800289
1144997.1915150436,5700.76805172
1145760.9941226132,5701.71825891
1126867.5910602869,5702.66862448
1124593.9055616905,5703.61914846
1142334.273032987,5704.56983088
1157664.7629857229,5705.52067175
1156090.456717243,5706.47167111
1133949.8341114454,5707.42282898
1128378.0595769559,5708.37414539
1121070.1963106012,5709.32562037
1097716.1545140343,5710.27725394
1088076.9116440422,5711.22904613
1080704.0920662843,5712.18099697
1075801.61563611,5713.13310647
1113734.5402317266,5714.08537468
1153763.1275368694,5715.03780161
1154585.8131113604,5715.99038729
1153607.905533527,5716.94313175
1163048.1214878256,5717.89603501
1157172.5622955281,5718.8490971
1150986.8197120805,5719.80231805
1158002.3604041967,5720.75569788
1156057.6101986028,5721.70923662
1152306.886640561,5722.6629343
1160767.6040373265,5723.61679094
1167317.570026375,5724.57080657
1169778.4851403339,5725.52498122
1167712.0724430906,5726.47931491
1152020.7402944749,5727.43380767
1135485.730955129,5728.38845952
1140309.3870478563,5729.3432705
1154162.800991736,5730.29824062
1162427.137684254,5731.25336992
1147102.7708202093,5732.20865842
1113959.9033117683,5733.16410615
1117995.3103354971,5734.11971313
1143379.077107673,5735.07547939
1154582.5066751912,5736.03140497
1161000.7242068117,5736.98748987
1159685.1856300766,5737.94373414
1157098.837187267,5738.90013779
1157062.1386570977,5739.85670086
1146772.4118367413,5740.81342337
1140498.5582770514,5741.77030534
1141278.1833129786,5742.72734681
1136308.984034879,5743.6845478
1128887.8925867474,5744.64190834
1133728.9219735777,5745.59942845
1148822.0906074971,5746.55710815
1158342.273109984,5747.51494749
1148021.00449538,5748.47294648
1124346.54628832,5749.43110515
1129093.715326716,5750.38942352
1158015.381999413,5751.34790163
1181097.2994116035,5752.3065395
1199375.312125005,5753.26533715
1223600.2837158851,5754.22429462
1252717.144605898,5755.18341193
1275222.665562192,5756.1426891
1281673.012350731,5757.10212617
1247694.1475316468,5758.06172315
1204042.7399276928,5759.02148008
1169515.036064324,5759.98139699
1140678.8355780856,5760.94147389
1122734.2888934924,5761.90171082
1111560.1414196661,5762.8621078
1102421.3217971842,5763.82266486
1115592.8117939965,5764.78338203
1145593.270320859,5765.74425933
1156768.1939539667,5766.7052968
1153875.5701585223,5767.66649444
1152774.3554665295,5768.6278523
1148341.2517780242,5769.5893704
1133839.0254498897,5770.55104877
1132729.2508586652,5771.51288743
1139195.0052232028,5772.47488641
1133716.3257191225,5773.43704573
1136893.3846390648,5774.39936543
1142064.4143161562,5775.36184553
1137184.5640279837,5776.32448605
1139198.4136811704,5777.28728703
1144468.9070128547,5778.25024849
1146389.683053322,5779.21337046
1144548.3005796985,5780.17665296
1131117.9500311022,5781.14009602
1092677.320661563,5782.10369967
1075904.4455740494,5783.06746393
1094589.9435358157,5784.03138883
1104404.4985751703,5784.9954744
1096097.2726080113,5785.95972066
1086758.7970409286,5786.92412765
1105164.1927591348,5787.88869538
1122564.262953752,5788.85342389
1124314.5387303315,5789.8183132
1131777.3745090412,5790.78336334
1125215.8629639128,5791.74857433
1111170.2463835203,5792.7139462
1127066.4199109902,5793.67947899
1133277.4429086004,5794.6451727
1124457.4614182152,5795.61102739
1126967.5157783534,5796.57704306
1132609.1919994748,5797.54321974
1125692.8330132018,5798.50955747
1114264.7420545728,5799.47605627
1130722.2404258042,5800.44271617
1144713.874864363,5801.40953718
1142941.856279326,5802.37651935
1145162.4235867825,5803.3436627
1142818.7620151038,5804.31096725
1122239.846299997,5805.27843303
1108598.800172279,5806.24606007
1109937.6474795446,5807.21384839
1114810.5334473045,5808.18179803
1119940.809635627,5809.149909
1122261.861050033,5810.11818134
1125746.5975702833,5811.08661507
1125538.8208878518,5812.05521022
1116235.6655462405,5813.02396682
1110744.9552511987,5813.99288489
1108199.2709789423,5814.96196445
1104957.392447837,5815.93120555
1100058.9249584388,5816.9006082
1102267.1377645063,5817.87017243
1117182.5389864922,5818.83989826
1130743.0992507518,5819.80978574
1131675.44927133,5820.77983487
1130043.401079878,5821.75004569
1133280.3436862067,5822.72041823
1128093.138854171,5823.69095251
1117047.1594848367,5824.66164855
1119319.0300552153,5825.6325064
1126642.204132868,5826.60352606
1122048.7342280746,5827.57470758
1122826.663030053,5828.54605098
1126848.7439721653,5829.51755627
1132176.267743428,5830.4892235
1130567.3966403366,5831.46105269
1123109.5258569606,5832.43304386
1119533.040506684,5833.40519705
1122415.5741741052,5834.37751227
1113087.7885214747,5835.34998956
1104504.5418607364,5836.32262894
1111252.9251689473,5837.29543045
1121271.2271590387,5838.2683941
1115912.725388455,5839.24151992
1108406.9402000697,5840.21480795
1103322.1622906695,5841.1882582
1103121.4038632992,5842.16187071
1113279.1024047981,5843.1356455
1115955.100278702,5844.1095826
1119405.5328851168,5845.08368203
1119110.579771253,5846.05794383
1109569.8059810037,5847.03236802
1094621.7746306977,5848.00695463
1094076.8578697334,5848.98170369
1101741.2787499179,5849.95661521
1106159.9394873092,5850.93168923
1107349.2745316708,5851.90692578
1105806.5746282153,5852.88232488
1089372.9750793509,5853.85788657
1072497.0347059458,5854.83361085
1084132.328692322,5855.80949778
1098747.5214268249,5856.78554736
1093866.159197975,5857.76175964
1075600.4455538657,5858.73813463
1072960.297829661,5859.71467236
1079947.622767953,5860.69137286
1086782.0459620196,5861.66823616
1096529.6837028146,5862.64526228
1088857.1917658679,5863.62245125
1090397.3712542944,5864.59980311
1099746.4352358673,5865.57731786
1100894.7082601865,5866.55499555
1091867.7297427387,5867.5328362
1092578.7218475402,5868.51083984
1103632.696955689,5869.48900649
1122606.9081235868,5870.46733619
1207071.8326967098,5871.44582895
1495724.0701833447,5872.42448481
2273647.2775697056,5873.40330379
3850851.9215368656,5874.38228592
6145003.36679743,5875.36143122
8289207.524984506,5876.34073973
9070690.338810183,5877.32021148
8018334.63257537,5878.29984648
5779968.169463112,5879.27964477
3555249.143251824,5880.25960637
2085155.0263407654,5881.23973131
1388375.1317475573,5882.22001962
1159335.4150310494,5883.20047133
1103064.1602714872,5884.18108646
1082078.6563860124,5885.16186503
1081655.1631415728,5886.14280709
1087603.2300044855,5887.12391265
1089956.4191897253,5888.10518173
1083708.7542366455,5889.08661438
1052254.0667496696,5890.06821062
994077.6847663049,5891.04997046
985900.731524685,5892.03189395
1029969.2014574476,5893.0139811
1048606.5693904706,5893.99623195
1060602.6270610795,5894.97864652
1063173.6001062775,5895.96122484
1023255.895569962,5896.94396694
1011310.205312372,5897.92687284
1050372.0021519149,5898.90994257
1067141.8611053643,5899.89317616
1069779.4665771779,5900.87657364
1077892.0813691588,5901.86013503
1077367.5952445245,5902.84386036
1071102.8574289805,5903.82774966
1071576.7952368725,5904.81180295
1077545.8673965984,5905.79602027
1074958.8465727412,5906.78040164
1074083.2205474398,5907.76494708
1082015.8636764274,5908.74965663
1084124.9401068985,5909.73453031
1074933.4901998162,5910.71956815
1063337.0502500231,5911.70477017
1069698.535752424,5912.69013641
1069551.2301991705,5913.67566689
1060694.076353338,5914.66136164
1049032.5520860793,5915.64722069
1052369.803739785,5916.63324406
1049547.7556123994,5917.61943178
1061259.7049335695,5918.60578388
1073316.3568192534,5919.59230038
1072633.263601578,5920.57898132
1072082.9577317324,5921.56582672
1058814.527812077,5922.55283661
1053873.9225175665,5923.54001101
1065257.617370427,5924.52734995
1069402.0033297502,5925.51485347
1072672.5277144264,5926.50252158
1078524.6990944853,5927.49035432
1074017.2706637182,5928.47835171
1061632.0823166464,5929.46651378
1054277.1770946267,5930.45484055
1050516.1718985338,5931.44333207
1060473.7607997875,5932.43198834
1070672.1174372954,5933.42080941
1072157.3280590058,5934.40979529
1061884.1636267207,5935.39894601
1047079.2715210626,5936.38826161
1055551.255831626,5937.37774211
1065641.0848535614,5938.36738753
1067368.89766194,5939.35719791
1072799.1647404623,5940.34717328
1066695.376623002,5941.33731365
1050884.323304327,5942.32761906
1047960.3184152491,5943.31808953
1056078.577756303,5944.3087251
1059991.3017427863,5945.29952578
1065125.3870118915,5946.29049161
1071389.4375852952,5947.28162262
1070385.2758747826,5948.27291883
1057601.5151944482,5949.26438027
1042763.464511217,5950.25600697
1051266.220312781,5951.24779895
1061742.683965538,5952.23975624
1050971.4219268777,5953.23187888
1033419.241491944,5954.22416688
1041875.654667606,5955.21662027
1057745.2664037154,5956.20923909
1054628.1733835607,5957.20202336
1041920.5755379151,5958.19497311
1035860.2229948166,5959.18808836
1042296.5909161695,5960.18136915
1052345.6928901388,5961.17481549
1058818.630544588,5962.16842743
1061347.519507298,5963.16220498
1061277.8628283858,5964.15614817
1060121.8919465262,5965.15025704
1057240.682352803,5966.1445316
1047655.0760253908,5967.13897189
1050789.0251095977,5968.13357794
1059400.2607765766,5969.12834976
1061771.929920354,5970.12328739
1063458.9291959263,5971.11839087
1065977.461035037,5972.1136602
1063662.1647505497,5973.10909543
1059916.2371278454,5974.10469657
1059626.8473438204,5975.10046367
1053506.9213654236,5976.09639674
1041234.0425368935,5977.09249581
1038848.4908126924,5978.08876091
1041340.6378893881,5979.08519207
1033160.0270673763,5980.08178932
1039550.895044688,5981.07855268
1052527.1648053238,5982.07548218
1049890.2886314595,5983.07257785
1041184.2301380793,5984.06983971
1023763.5403788298,5985.0672678
1013568.2873426186,5986.06486215
1034952.2194621094,5987.06262277
1046341.8382343058,5988.0605497
1041255.0508794364,5989.05864296
1039058.1148162683,5990.05690259
1040410.1008884718,5991.0553286
1030889.4166940021,5992.05392104
1011826.3252804814,5993.05267992
1029786.828756674,5994.05160528
1046707.932898721,5995.05069713
1047055.6703711392,5996.04995552
1041282.2950224769,5997.04938046
1032469.2512273259,5998.04897199
1028554.7151499224,5999.04873013
1033493.982498797,6000.04865491
1037261.3266912138,6001.04874635
1039651.111551169,6002.0490045
1038935.4387182392,6003.04942936
1029130.7318189816,6004.05002098
1029315.8227273985,6005.05077938
1037904.1536729493,6006.05170459
1035740.029524665,6007.05279662
1031539.9415721663,6008.05405553
1016685.1143424915,6009.05548132
1008689.1548719134,6010.05707403
1026445.9835327314,6011.05883369
1042509.5384003035,6012.06076032
1040148.6907014082,6013.06285395
1021799.3186970719,6014.06511461
1011744.0029192916,6015.06754233
1022826.3751879947,6016.07013713
1021872.1183242208,6017.07289905
1009632.0718622841,6018.07582811
1017101.6129560507,6019.07892434
1028240.4360535863,6020.08218776
1026071.8423458241,6021.08561841
1021854.8277478699,6022.08921631
1021930.4655834248,6023.09298149
1023934.3665822399,6024.09691398
1017348.8219793317,6025.1010138
1017393.7846273916,6026.10528099
1030840.4085089123,6027.10971557
1027615.0846035123,6028.11431757
1020887.3942157524,6029.11908702
1023484.462743898,6030.12402395
1032132.0767483072,6031.12912837
1033206.2398834857,6032.13440033
1029288.7953083465,6033.13983985
1036306.2613382002,6034.14544695
1038312.588765853,6035.15122167
1036214.5195011843,6036.15716404
1037702.29055663,6037.16327407
1036852.2610213867,6038.1695518
1038660.4037547662,6039.17599726
1040017.4393019048,6040.18261048
1033552.8406739,6041.18939148
1031423.1816029482,6042.19634029
1024920.6719267238,6043.20345693
1023285.7079267148,6044.21074145
1031753.567703338,6045.21819386
1032681.816204289,6046.22581419
1026122.4020470236,6047.23360247
1021675.4057174827,6048.24155873
1025644.5359152164,6049.249683
1031138.1548191223,6050.2579753
1035724.0262892583,6051.26643567
1039409.7822145898,6052.27506412
1033351.7468495392,6053.2838607
1022336.3280739695,6054.29282542
1018974.1047387794,6055.30195832
1023393.2777174184,6056.31125941
1016643.0397036829,6057.32072874
1012248.5736647259,6058.33036633
1010598.6721007914,6059.34017221
1010912.582189969,6060.3501464
1020499.7180095809,6061.36028893
1022479.0543437357,6062.37059984
1021976.6827539884,6063.38107914
1009678.6709763025,6064.39172688
1008903.1962175771,6065.40254306
1003360.0112342621,6066.41352773
1002482.9665553258,6067.42468091
1022942.5186527516,6068.43600264
1032263.4983858255,6069.44749292
1034231.5647678894,6070.45915181
1031026.4947976605,6071.47097932
1031649.2613222857,6072.48297548
1034595.9682227118,6073.49514032
1036491.436603019,6074.50747387
1037658.7085011251,6075.51997615
1035862.0007916184,6076.5326472
1031989.7876664135,6077.54548704
1027422.8730117739,6078.55849571
1014837.7249637545,6079.57167322
1007245.9480343463,6080.58501961
1017737.6619332618,6081.5985349
1013046.5342961078,6082.61221913
997557.4130457023,6083.62607232
992283.0882398214,6084.6400945
994581.5331894283,6085.65428569
997718.5731524767,6086.66864593
1000074.878349853,6087.68317525
1005635.4640873767,6088.69787367
1016418.5643754598,6089.71274122
1016190.2086444702,6090.72777792
1004202.7161513745,6091.74298382
1004419.7571093937,6092.75835893
1006530.4178243346,6093.77390328
1001318.8273681822,6094.78961691
1010226.9889973812,6095.80549983
1019365.0916071059,6096.82155208
1011074.6828235779,6097.83777369
1001986.3637697982,6098.85416468
1003917.973412444,6099.87072509
1007808.4993836249,6100.88745493
1007682.044918374,6101.90435425
999312.0324275477,6102.92142306
967988.5071318261,6103.9386614
965464.3279702851,6104.95606929
993721.2632046962,6105.97364677
1001480.396643454,6106.99139385
993491.1857500935,6108.00931057
983677.8380661322,6109.02739696
992207.9197328737,6110.04565305
1011291.4302622117,6111.06407886
1009527.4036733595,6112.08267442
997301.0214181077,6113.10143976
994803.0886258623,6114.12037491
996851.8408923325,6115.13947989
1003264.18821216,6116.15875474
998600.8030010108,6117.17819949
994280.1797648625,6118.19781415
1005053.7901879082,6119.21759877
1007640.3499615861,6120.23755336
994719.8350257267,6121.25767796
985651.7291090647,6122.2779726
972926.6803191488,6123.29843729
976990.9949352066,6124.31907208
1002962.3833210003,6125.33987699
1003591.7541969697,6126.36085205
995117.3315048517,6127.38199729
990465.7768374723,6128.40331273
978564.6771908964,6129.4247984
965371.7558357274,6130.44645434
973964.048129569,6131.46828056
995586.2127424418,6132.49027711
1002162.9547713989,6133.512444
1003144.7001946003,6134.53478126
994417.7216249194,6135.55728893
979600.6102231963,6136.57996704
954225.466335922,6137.6028156
923650.0796722508,6138.62583465
944624.2443424988,6139.64902422
988088.0602485538,6140.67238434
995111.0955025537,6141.69591502
970968.0058532807,6142.71961632
960276.0369541234,6143.74348824
982544.6987552869,6144.76753082
995616.7062922374,6145.79174409
988664.3548650009,6146.81612808
981569.5858325834,6147.84068281
970763.0067497209,6148.86540832
962351.7126098062,6149.89030462
959246.2345684996,6150.91537176
966587.1398991427,6151.94060976
977304.1972892814,6152.96601864
986338.2598822359,6153.99159844
993188.6028091755,6155.01734918
982706.9058502915,6156.0432709
970833.0411236978,6157.06936362
963018.0898756979,6158.09562736
956223.6364488486,6159.12206217
963598.6064626843,6160.14866806
976749.2826803614,6161.17544507
960175.6691814562,6162.20239322
934412.0757727743,6163.22951254
933784.3859036944,6164.25680306
943723.096490623,6165.28426482
957516.7835725339,6166.31189783
956965.3606630799,6167.33970213
963666.5629239518,6168.36767774
975030.9757951631,6169.3958247
952020.2097916662,6170.42414302
933502.6068889559,6171.45263275
954093.0243397254,6172.48129391
975445.6992762566,6173.51012653
966880.0954808415,6174.53913063
963660.0843905689,6175.56830625
963167.1868018779,6176.59765341
960185.2052376452,6177.62717214
958129.7148985176,6178.65686247
965242.7314085263,6179.68672444
968128.1534975815,6180.71675806
964415.0729439043,6181.74696337
974185.1729469257,6182.77734039
980226.1987874646,6183.80788916
977338.2320254423,6184.8386097
977037.7874217775,6185.86950204
974388.6475585495,6186.90056621
965410.1053042308,6187.93180223
961452.2811564526,6188.96321015
959500.0125779898,6189.99478998
959226.0254167973,6191.02654176
948011.5929239936,6192.0584655
917237.0453276517,6193.09056125
926577.7592078738,6194.12282903
955633.2276394429,6195.15526887
968601.846738152,6196.1878808
972325.1414011949,6197.22066484
974760.1883143426,6198.25362103
971017.0707848704,6199.28674939
959050.9514488915,6200.32004996
946801.3588778406,6201.35352275
954883.8072545602,6202.38716781
973387.4424115522,6203.42098515
980313.2692446553,6204.45497481
977300.235146066,6205.48913682
970616.0452755304,6206.5234712
968410.0470864782,6207.55797799
964471.6269620457,6208.5926572
962519.3786805671,6209.62750888
965865.6430770413,6210.66253305
965426.3837609472,6211.69772973
962692.8561110508,6212.73309897
958074.6141114975,6213.76864078
933901.7802552297,6214.80435519
909701.210946356,6215.84024224
910458.5282675489,6216.87630195
931508.3944957869,6217.91253435
943763.4533613867,6218.94893947
939466.3814501638,6219.98551734
924789.2375374059,6221.02226798
923827.6310098252,6222.05919144
935612.5002664821,6223.09628772
946606.4804727224,6224.13355688
942817.8837951623,6225.17099892
936322.0289480364,6226.20861389
943620.5164713357,6227.2464018
949163.2494151049,6228.2843627
956502.5027086957,6229.3224966
947140.7132274812,6230.36080354
921098.9508799498,6231.39928354
900116.7290737537,6232.43793664
911724.3341819,6233.47676286
924987.3392722186,6234.51576224
942873.240762404,6235.55493479
961179.5910868661,6236.59428056
962192.9088447551,6237.63379956
945015.229645666,6238.67349184
918647.2011625209,6239.7133574
899303.2086498438,6240.7533963
898217.3232602952,6241.79360855
928460.9127090286,6242.83399418
933544.8051531456,6243.87455322
915300.7400974489,6244.9152857
917292.1528502955,6245.95619166
910891.3714458222,6246.99727111
900834.5569827184,6248.03852409
903638.3177781996,6249.07995063
922295.3454867428,6250.12155075
936436.3747347445,6251.16332449
932299.5370701347,6252.20527187
918805.0488076555,6253.24739292
910835.7804821588,6254.28968768
912754.0795145683,6255.33215616
920185.9309814468,6256.37479841
926172.8017244973,6257.41761444
915415.8596349317,6258.46060429
904832.1649477505,6259.50376798
907889.168932979,6260.54710555
930607.8113983353,6261.59061703
927795.9419369083,6262.63430243
921686.3629554596,6263.6781618
936082.9185585837,6264.72219516
939460.1894891276,6265.76640255
921786.9356444421,6266.81078397
927577.0005929308,6267.85533948
938397.0955383051,6268.9000691
935144.4631284074,6269.94497285
929814.3080748724,6270.99005076
927526.2306524044,6272.03530288
933744.590854111,6273.08072921
941609.6503989715,6274.12632979
941135.634917095,6275.17210466
935907.3251433064,6276.21805384
936698.8457436454,6277.26417736
940411.7831192155,6278.31047524
943268.3774152383,6279.35694752
934967.8655211772,6280.40359423
913894.4542083981,6281.4504154
912163.222120028,6282.49741105
925564.0782794082,6283.54458121
933917.6373481252,6284.59192592
945208.3102348015,6285.6394452
942461.4211481436,6286.68713908
941182.2089734769,6287.73500759
945899.6066744182,6288.78305076
952479.9823065589,6289.83126861
953032.5143499448,6290.87966119
937772.9723074156,6291.92822851
929349.0883035287,6292.97697061
931069.2653133583,6294.02588751
932053.3674295334,6295.07497925
956151.3867743041,6296.12424585
1005938.2135303217,6297.17368734
1123756.940211079,6298.22330375
1365585.4021623014,6299.27309512
1697527.6624818197,6300.32306146
1955558.0061197353,6301.37320281
1977840.6598746905,6302.4235192
1765909.6920303665,6303.47401066
1453925.7018366712,6304.52467722
1181130.9058337538,6305.5755189
1008753.0579530995,6306.62653573
948379.1032096499,6307.67772775
967852.2552119471,6308.72909499
1022951.2271511058,6309.78063746
1119879.5594894332,6310.83235521
1256940.828912938,6311.88424826
1388839.2795931385,6312.93631663
1432508.3312658458,6313.98856037
1357643.618033794,6315.0409795
1196584.915734307,6316.09357404
1047723.0469209491,6317.14634403
968322.8922278025,6318.1992895
913840.8693504074,6319.25241047
897306.3067285079,6320.30570698
909419.2732545945,6321.35917905
910734.6136064068,6322.41282671
914027.5064591027,6323.46665
919787.3539594444,6324.52064894
932190.7588621761,6325.57482356
934669.0052160507,6326.62917389
935457.4229416542,6327.68369996
928677.0886020737,6328.7384018
931201.6918472658,6329.79327944
937001.7669878796,6330.8483329
929251.2222885985,6331.90356223
923933.8890892458,6332.95896743
925036.6006077551,6334.01454856
932047.8938172944,6335.07030563
918978.7757460242,6336.12623867
896842.6180661574,6337.18234772
897386.4719646927,6338.2386328
912359.8429005923,6339.29509394
914732.0843278095,6340.35173117
919333.4940965889,6341.40854452
927418.460887593,6342.46553403
921654.1406697904,6343.52269971
913916.6589986411,6344.5800416
906189.0258923598,6345.63755974
911601.7129502997,6346.69525413
906383.0908360287,6347.75312483
889825.9824401452,6348.81117185
909176.5156969519,6349.86939523
923901.9753008732,6350.92779499
923256.0840309277,6351.98637117
926130.6197533143,6353.04512379
921448.682819402,6354.10405289
902568.7134711317,6355.16315849
896665.5724415788,6356.22244062
909232.9577677283,6357.28189931
920222.2588764305,6358.3415346
914851.6767026247,6359.4013465
917144.373405923,6360.46133505
957834.4465100775,6361.52150029
1030220.4465419432,6362.58184223
1125796.5851118513,6363.64236091
1211756.4693826635,6364.70305636
1235478.6505522076,6365.76392861
1182072.2523508237,6366.82497768
1088158.6408198057,6367.88620361
1007171.7319678252,6368.94760642
950384.4324143095,6370.00918615
909273.2858106036,6371.07094283
887539.1289610048,6372.13287648
882343.4702843319,6373.19498713
903675.9699526818,6374.25727482
920412.4813396067,6375.31973957
921032.9422702139,6376.38238141
922725.1122167348,6377.44520037
925091.2045817593,6378.50819648
916133.5824556553,6379.57136978
907771.7392763543,6380.63472028
910135.6222513816,6381.69824803
910377.757378745,6382.76195304
913649.7556126518,6383.82583536
908882.1881540971,6384.889895
899404.4922811381,6385.954132
900034.5469214699,6387.01854638
911589.242202393,6388.08313819
918821.2730164673,6389.14790744
918916.7558070616,6390.21285417
915868.8608283082,6391.2779784
912497.6700644768,6392.34328017
909820.2555917201,6393.40875951
890838.5069995424,6394.47441643
883243.2763186262,6395.54025099
904047.5804852172,6396.60626319
915193.184508095,6397.67245309
915027.2949697113,6398.73882069
910803.2624947006,6399.80536604
891540.1235145208,6400.87208915
871995.214248059,6401.93899007
896122.4138926007,6403.00606883
912230.745010445,6404.07332544
914656.3075324983,6405.14075995
915086.882680788,6406.20837237
909097.6531225316,6407.27616275
897474.8589713762,6408.3441311
880886.0005275769,6409.41227747
891019.7194664655,6410.48060187
906156.1697543189,6411.54910434
894199.2935875427,6412.61778492
884359.9510288615,6413.68664362
891320.3110664864,6414.75568047
893817.6997748507,6415.82489552
895912.7657862224,6416.89428878
890663.8678337568,6417.96386029
880963.7661295562,6419.03361008
886248.8465456628,6420.10353817
884603.9922283047,6421.1736446
878466.613700091,6422.2439294
882159.1138357461,6423.31439259
901964.8727070405,6424.3850342
904428.228751883,6425.45585428
896052.2740112727,6426.52685283
899816.9767837757,6427.5980299
910717.1928023364,6428.66938552
910871.2944755333,6429.74091971
898617.3549182921,6430.8126325
875159.4381987457,6431.88452393
865164.2750658507,6432.95659402
874694.4519106877,6434.0288428
886998.9046116043,6435.10127031
897600.8840987812,6436.17387657
901966.8084970631,6437.24666161
903015.2242151845,6438.31962547
890947.4982587949,6439.39276816
873194.640583706,6440.46608973
882755.3679585791,6441.5395902
902145.2253684003,6442.61326961
906997.0023042107,6443.68712797
903441.3398072287,6444.76116533
901512.4554454723,6445.8353817
901093.2136614235,6446.90977713
901456.6962803788,6447.98435164
904485.9122104108,6449.05910526
895576.3063936849,6450.13403802
865119.3598603467,6451.20914995
855543.3484176866,6452.28444108
876401.0302790226,6453.35991144
890396.3137673109,6454.43556106
894496.2657175849,6455.51138997
871610.0693547191,6456.5873982
839057.302564982,6457.66358578
851585.3791280902,6458.73995273
887115.8627324039,6459.8164991
895513.179312525,6460.89322491
892354.7786023599,6461.97013019
873883.8500982629,6463.04721496
843405.9060833016,6464.12447927
858063.0794981356,6465.20192313
889657.6641388208,6466.27954659
897270.6608596087,6467.35734966
895367.0716481416,6468.43533238
895771.0469714976,6469.51349478
890268.2772901304,6470.59183689
886212.743865743,6471.67035874
879561.4735196942,6472.74906035
881043.1078343964,6473.82794177
895674.2297042022,6474.90700301
896309.0233208645,6475.98624411
889129.4803606269,6477.0656651
892933.7024040361,6478.14526601
894820.296611039,6479.22504687
891255.9769470849,6480.3050077
893684.0152799056,6481.38514855
885933.1713531861,6482.46546943
862732.4171885087,6483.54597038
860132.5118645797,6484.62665143
874922.0034063234,6485.70751261
885995.8156437742,6486.78855394
888543.3444641217,6487.86977547
889017.6707043475,6488.95117721
890847.6348032389,6490.0327592
885109.1084462228,6491.11452147
869887.4112306887,6492.19646405
857658.9002553982,6493.27858697
855025.9416010019,6494.36089026
834847.7658560288,6495.44337395
820243.4377589765,6496.52603806
826117.21003466,6497.60888263
833285.4522758053,6498.6919077
849686.3174244805,6499.77511328
851710.89604388,6500.85849941
863037.4789791596,6501.94206612
876791.6431979114,6503.02581344
879809.6599185421,6504.1097414
878990.7263020789,6505.19385003
878946.3480659452,6506.27813936
881964.2021831187,6507.36260942
882130.5721163951,6508.44726024
876877.9118550505,6509.53209185
869691.0177724998,6510.61710429
873920.526091823,6511.70229757
882872.4893545923,6512.78767173
882283.9393227996,6513.8732268
879517.418413215,6514.95896281
876366.8315556179,6516.0448798
861928.9615342746,6517.13097778
853493.1288999876,6518.2172568
857025.9104066186,6519.30371688
858248.1360334753,6520.39035805
871591.8299505103,6521.47718034
882898.4995619,6522.56418379
884343.3430073141,6523.65136841
881043.9798759676,6524.73873425
881899.1424897446,6525.82628133
879901.7665157026,6526.91400969
864420.183655885,6528.00191935
856977.0987502022,6529.09001034
871161.2967539837,6530.17828269
877028.9856864403,6531.26673644
875331.2386411896,6532.35537162
868591.7842124617,6533.44418824
864040.9545188991,6534.53318636
868003.0364816944,6535.62236598
876779.9083825533,6536.71172716
878103.5091710647,6537.8012699
870897.0883796867,6538.89099426
867750.4974560178,6539.98090024
875183.3496823718,6541.0709879
886943.1873681897,6542.16125725
928380.0943103671,6543.25170833
1099341.9006586412,6544.34234116
1582131.3390986691,6545.43315579
2595318.1416966408,6546.52415223
4125761.7377267643,6547.61533051
5683809.582744005,6548.70669068
6417818.882824453,6549.79823275
5839273.529765371,6550.88995677
4321639.562528855,6551.98186275
2723417.5097792195,6553.07395073
1635779.8385433783,6554.16622074
1109586.2658450122,6555.25867281
996833.7822756167,6556.35130698
1462380.0087766885,6557.44412326
3713434.2251800555,6558.53712169
11047108.656468732,6559.63030231
28919352.55744572,6560.72366514
60944766.24057161,6561.81721021
101004160.49316482,6562.91093755
130790369.91641752,6564.0048472
132171196.69707757,6565.09893918
104240233.54434521,6566.19321352
64211236.58125038,6567.28767026
31060003.311466537,6568.38230942
12045302.96675734,6569.47713104
4053315.396632559,6570.57213514
1542546.1438064238,6571.66732176
954267.5256081434,6572.76269093
845825.8871768508,6573.85824267
825641.4475677536,6574.95397702
822661.9477181233,6576.049894
846413.8022018232,6577.14599366
943323.7867612416,6578.24227601
1275765.5086003118,6579.33874109
2297628.896545577,6580.43538894
4689067.280559301,6581.53221957
8772830.869159775,6582.62923302
13607817.299033552,6583.72642932
16862857.247448735,6584.82380851
16497364.770225285,6585.9213706
12748489.137789093,6587.01911564
7888491.835970593,6588.11704365
4095149.6875843764,6589.21515466
2022620.9490740416,6590.31344871
1188682.1341900872,6591.41192582
931086.0754145094,6592.51058603
852524.3986208285,6593.60942936
817749.5963789623,6594.70845585
826617.7867622325,6595.80766553
848163.0044362207,6596.90705842
853305.9269448838,6598.00663456
852319.3926376144,6599.10639397
848951.2819438853,6600.2063367
853738.8137687144,6601.30646276
863194.0172740378,6602.40677219
863080.1020195731,6603.50726503
856863.3460589406,6604.60794129
845011.291080499,6605.70880102
835084.421100984,6606.80984424
836373.3142149795,6607.91107098
839230.4179982165,6609.01248127
836607.387060352,6610.11407515
832155.1837770474,6611.21585264
846305.9464968194,6612.31781378
858201.4075679581,6613.41995859
854230.9857231728,6614.52228711
845786.9763489299,6615.62479936
855695.0981214426,6616.72749538
861856.6833728026,6617.8303752
856835.3714635072,6618.93343885
853975.7796087746,6620.03668636
857199.495093599,6621.14011776
860904.6802211662,6622.24373307
859750.8284214282,6623.34753234
856710.5528367138,6624.4515156
850301.0810843108,6625.55568286
841365.0863000226,6626.66003417
846554.6750992944,6627.76456955
849427.0671164434,6628.86928903
849695.8731004836,6629.97419265
849630.0053933415,6631.07928044
847359.9790853356,6632.18455242
839940.381754541,6633.29000864
827522.5185590854,6634.3956491
821808.9405687688,6635.50147386
831940.6502107201,6636.60748294
843125.4884372472,6637.71367637
848249.0151880032,6638.82005418
849677.5976115749,6639.9266164
841888.531734771,6641.03336306
840499.9124509239,6642.14029419
848960.6799798626,6643.24740983
843086.395942711,6644.35471001
830773.3386811325,6645.46219475
832354.4912453289,6646.56986408
840207.4443100147,6647.67771804
845897.8354228338,6648.78575666
844668.3025163264,6649.89397997
846444.0794490059,6651.002388
843672.650593977,6652.11098078
839231.6113951723,6653.21975834
837879.4277095527,6654.32872071
837786.537969397,6655.43786792
839479.2282223519,6656.54720001
838884.0725504847,6657.656717
837253.8511468994,6658.76641893
839293.0637232225,6659.87630582
838520.2005664007,6660.9863777
837021.5597717039,6662.09663462
835286.906101163,6663.20707659
822659.4725594451,6664.31770365
811783.6056314365,6665.42851584
818751.4115677051,6666.53951317
816700.1939517689,6667.65069569
813454.7319860918,6668.76206341
822071.3818635143,6669.87361638
833649.6527706409,6670.98535463
839354.9898263506,6672.09727818
851383.3157214754,6673.20938706
912296.8955524273,6674.32168132
1085297.4607305063,6675.43416097
1449200.0821368068,6676.54682605
2002221.695194388,6677.65967659
2544025.6454279795,6678.77271262
2788212.9487955263,6679.88593417
2611984.9943408514,6680.99934127
2097018.7256776434,6682.11293396
1525762.6939948692,6683.22671226
1126067.7653808708,6684.34067621
929427.2592388821,6685.45482583
857884.2704757089,6686.56916116
838180.6766349772,6687.68368223
830094.6384599453,6688.79838906
825717.2553994332,6689.9132817
829519.8655754788,6691.02836017
833853.7076318617,6692.1436245
833288.1496330302,6693.25907472
829715.5189921543,6694.37471087
830711.5697609363,6695.49053297
829044.5735974873,6696.60654105
821889.528718636,6697.72273516
819075.8015706971,6698.83911531
818364.057584551,6699.95568154
824129.9519484871,6701.07243388
829796.917495499,6702.18937236
829261.573298538,6703.30649702
825779.5145667584,6704.42380787
817225.0222936247,6705.54130496
815380.7507332937,6706.65898832
823091.3799742912,6707.77685797
823964.2791947308,6708.89491395
825301.0990565143,6710.01315628
860275.8595823327,6711.13158501
993584.0422284718,6712.25020015
1413868.8609659185,6713.36900175
2404751.714409029,6714.48798983
4111463.727192989,6715.60716443
6118397.947070551,6716.72652556
7447425.107664622,6717.84607328
7267585.727454082,6718.9658076
5707417.544750581,6720.08572856
3711307.415313358,6721.20583619
2150047.5615588757,6722.32613051
1293131.3037060588,6723.44661157
955749.4265794657,6724.56727939
883755.1479842362,6725.68813401
985128.2375618654,6726.80917545
1371002.364573987,6727.93040375
2241808.1800939837,6729.05181893
3640108.2876172895,6730.17342103
5160165.3234493565,6731.29521008
6021326.88551021,6732.41718611
5676543.361582079,6733.53934915
4347740.948448957,6734.66169924
2814353.604766609,6735.78423639
1698482.341513942,6736.90696066
1119934.5680454087,6738.02987206
893381.0623109681,6739.15297063
822976.3826166553,6740.27625639
805580.6684519277,6741.39972939
807354.091560978,6742.52338965
806915.0489882748,6743.6472372
802467.6131294294,6744.77127207
806294.1541217164,6745.8954943
810162.0476910342,6747.01990391
808163.0179499234,6748.14450094
804854.3263761733,6749.26928542
800440.3326795064,6750.39425738
798971.6006030274,6751.51941685
804007.4566580578,6752.64476386
803113.2150980498,6753.77029845
793365.2400016919,6754.89602064
800168.985929843,6756.02193047
809920.2569300738,6757.14802796
809214.0061789573,6758.27431315
807144.2878714745,6759.40078608
812238.6436208643,6760.52744676
816340.6401190157,6761.65429523
813880.9905990753,6762.78133153
807910.2995631157,6763.90855569
802910.5663793174,6765.03596773
800116.555723875,6766.16356769
794881.1374328831,6767.2913556
791173.0946915589,6768.41933148
789332.0168302668,6769.54749538
798655.4176408672,6770.67584733
799844.7547223229,6771.80438734
794222.9582992492,6772.93311547
798087.7731318866,6774.06203173
805331.599929984,6775.19113615
807607.0860624257,6776.32042878
810974.9289616419,6777.44990964
810969.6484373499,6778.57957876
809296.1041706672,6779.70943618
813059.463694674,6780.83948192
814381.8507249941,6781.96971602
811581.403358966,6783.1001385
805612.7360206451,6784.23074941
796649.2992794322,6785.36154876
784269.9403722608,6786.4925366
780532.3936066467,6787.62371295
787822.8036395418,6788.75507785
798689.0034803882,6789.88663132
801532.3191477519,6791.0183734
796961.9086724059,6792.15030412
796439.2193505726,6793.28242351
795462.7962338779,6794.41473161
788378.55687422,6795.54722843
782663.7733283789,6796.67991403
784167.7769191752,6797.81278842
797735.9485852937,6798.94585163
803033.1637480436,6800.07910371
802844.7465986379,6801.21254468
800676.5951166308,6802.34617457
796915.9516251672,6803.47999341
795227.3967959855,6804.61400124
788547.7346206991,6805.74819809
791226.9124253269,6806.88258399
791748.0047073528,6808.01715896
789902.6496187893,6809.15192305
796195.2611946427,6810.28687628
793048.2651217132,6811.42201869
793845.5899317137,6812.5573503
797201.3049488589,6813.69287115
794464.9455481933,6814.82858127
789911.8327637641,6815.96448068
787316.8727858693,6817.10056944
794504.1527456192,6818.23684755
798914.2222290278,6819.37331506
797801.6650333198,6820.509972
792767.6182659542,6821.6468184
792978.9635895272,6822.78385428
798270.6753230463,6823.92107969
802631.7029691256,6825.05849465
803716.4691534459,6826.1960992
802823.8480252998,6827.33389336
796522.7258303845,6828.47187718
781630.9814043799,6829.61005067
780254.4246409632,6830.74841387
790807.7534818026,6831.88696682
793433.4543365616,6833.02570954
790188.6662826402,6834.16464206
790495.4808382988,6835.30376443
795689.6114350335,6836.44307666
798030.2907677036,6837.5825788
793915.5055931,6838.72227087
791088.3195644612,6839.8621529
785306.0708561748,6841.00222493
774590.796352011,6842.14248698
765876.1970598104,6843.2829391
770836.3181149861,6844.42358131
780790.9493858537,6845.56441364
790365.6303234092,6846.70543612
792344.120819586,6847.84664879
789977.3118642584,6848.98805168
790968.5098204798,6850.12964482
791218.4503818345,6851.27142824
789461.8234037117,6852.41340197
788103.6774473189,6853.55556605
791071.3833566171,6854.69792051
784442.5427934815,6855.84046537
769842.5854577556,6856.98320067
773128.9945383754,6858.12612645
776972.0234158906,6859.26924273
779473.8522346277,6860.41254954
783993.9301575841,6861.55604692
778375.8929468879,6862.6997349
779078.229687271,6863.84361351
790453.7981054342,6864.98768278
795191.584010958,6866.13194275
795510.5284205857,6867.27639344
795135.9671256469,6868.42103489
793962.9479070844,6869.56586713
792385.3599513703,6870.71089019
792517.8408687382,6871.8561041
787946.9957854738,6873.0015089
778450.5449313015,6874.14710461
780840.1554505277,6875.29289128
783866.3819577349,6876.43886892
782901.6782574394,6877.58503758
787284.3159132762,6878.73139728
792089.2343164713,6879.87794805
790990.7533573178,6881.02468994
785136.3369771254,6882.17162296
775622.21625821,6883.31874716
773541.141411363,6884.46606256
783272.8072358359,6885.61356919
789376.0867768558,6886.76126709
788448.6470271734,6887.90915629
789205.0442508776,6889.05723682
789700.9264854183,6890.20550871
788395.515293078,6891.353972
787666.0271509378,6892.50262671
789007.936589261,6893.65147288
789798.1023419659,6894.80051055
787077.2870937017,6895.94973973
784981.8264087095,6897.09916047
788173.4096063885,6898.2487728
786532.327099646,6899.39857674
782913.8518100719,6900.54857233
781976.7038753147,6901.69875961
784407.6301851141,6902.8491386
787938.0356933288,6903.99970933
789741.369490574,6905.15047184
788890.2382977249,6906.30142617
782201.0955846831,6907.45257233
776109.4254123926,6908.60391037
777724.0967635172,6909.75544031
786127.17976599,6910.90716219
785115.5920548451,6912.05907604
781722.4116431001,6913.21118189
781985.8818985448,6914.36347978
774876.4328468392,6915.51596973
771065.7445784593,6916.66865178
775415.1418823734,6917.82152596
776451.3356238313,6918.9745923
783325.5004312748,6920.12785083
786187.5074630264,6921.28130159
785375.3153988234,6922.43494461
784150.3461129761,6923.58877992
781799.4579741099,6924.74280755
770913.6758950726,6925.89702753
762630.0254523659,6927.0514399
765423.3982237931,6928.20604469
770477.0837519662,6929.36084193
774158.8260728886,6930.51583165
777387.8829653868,6931.67101388
775802.06628604,6932.82638866
768801.4661697586,6933.98195602
763817.5992994125,6935.13771599
772295.0902574073,6936.29366861
776396.7177633917,6937.44981389
771129.2622737447,6938.60615189
768070.7505745993,6939.76268262
773711.2628310107,6940.91940613
778433.3621088641,6942.07632243
776436.1591427824,6943.23343158
767683.4080955425,6944.39073359
760747.2456535369,6945.5482285
755652.7098475917,6946.70591634
760324.3046414002,6947.86379715
769434.1835311435,6949.02187095
770928.0387117303,6950.18013778
768888.205494697,6951.33859767
762498.8731934385,6952.49725066
756963.721230981,6953.65609677
758086.9368057793,6954.81513604
757505.397755377,6955.97436849
759686.5487231686,6957.13379417
764962.0375540202,6958.2934131
767583.0423528486,6959.45322532
768168.0680120364,6960.61323085
767966.4346071243,6961.77342974
769292.2500361252,6962.93382201
764820.3567955786,6964.09440769
763434.5423630321,6965.25518682
769602.1686871586,6966.41615943
765416.7333834366,6967.57732555
766155.5352956116,6968.73868522
773496.4449349983,6969.90023846
772698.2164401717,6971.06198531
762196.6373850204,6972.2239258
760562.4650762825,6973.38605996
770309.0872727988,6974.54838783
768565.7156533747,6975.71090943
760176.6646930614,6976.87362481
757377.8249269067,6978.03653398
747554.3644195478,6979.199637
732923.6811109738,6980.36293387
741713.3530997367,6981.52642465
756524.3003218822,6982.69010936
761750.1894110544,6983.85398803
765465.7281289663,6985.0180607
766350.5283971545,6986.1823274
767090.9417888379,6987.34678815
767823.8631713202,6988.511443
766719.568830638,6989.67629198
760052.978683803,6990.84133511
757363.3056643581,6992.00657243
762045.8547276887,6993.17200398
765387.2562967985,6994.33762978
762632.7639281055,6995.50344987
758005.8130022967,6996.66946427
760063.9418126871,6997.83567303
757088.7996193235,6999.00207618
750159.9505747124,7000.16867374
741219.6917400735,7001.33546574
743853.4112647382,7002.50245224
751223.8102221097,7003.66963324
754679.0357656591,7004.83700879
744397.3633823516,7006.00457892
738289.4413397061,7007.17234366
746239.2409287721,7008.34030305
753514.3678990433,7009.50845711
756478.7582759421,7010.67680588
752918.9614221061,7011.84534939
746141.6412281167,7013.01408767
754480.052738021,7014.18302076
762759.9147296572,7015.35214869
754130.7505136024,7016.52147149
734781.7100032769,7017.69098919
731005.4758926531,7018.86070183
749136.7031013329,7020.03060943
759410.5780836309,7021.20071204
760245.987434449,7022.37100968
756911.835035538,7023.54150239
744889.4924956261,7024.71219019
736662.9120637657,7025.88307313
742537.2760047175,7027.05415123
751644.3925497266,7028.22542452
747493.3206633483,7029.39689305
738881.5684707476,7030.56855683
742334.0242763407,7031.74041591
748325.8356659288,7032.91247031
750693.5630385887,7034.08472008
751477.7898804079,7035.25716523
749873.5426007963,7036.42980581
755469.4097978128,7037.60264184
752870.3466794983,7038.77567337
736612.2895895409,7039.94890041
740575.601350767,7041.12232301
759265.6016095569,7042.2959412
767031.3879709898,7043.469755
767470.1383637887,7044.64376446
761462.9476259808,7045.8179696
751477.5708870589,7046.99237046
753177.0961998805,7048.16696707
761334.3435188364,7049.34175946
767802.1868089767,7050.51674767
766292.2480920511,7051.69193172
758301.2712671185,7052.86731166
739633.8915254418,7054.0428875
726362.6400082239,7055.2186593
730875.682905813,7056.39462707
741027.0003035462,7057.57079085
747693.2771205407,7058.74715068
750418.6401157171,7059.92370658
771686.5843248279,7061.10045859
859100.6005015344,7062.27740674
1057454.1127806064,7063.45455107
1355205.311143986,7064.6318916
1664167.7293712138,7065.80942838
1814104.6274752694,7066.98716142
1713926.271624884,7068.16509077
1424462.238476211,7069.34321646
1106717.7602872334,7070.52153852
900064.9597256454,7071.70005699
797462.0305077242,7072.87877189
754652.2952391261,7074.05768326
745860.844343381,7075.23679113
744774.5305820468,7076.41609553
741770.6331414316,7077.5955965
740958.2149061178,7078.77529407
745343.289516609,7079.95518828
747051.2593754443,7081.13527915
750195.3906727051,7082.31556672
746005.4282392015,7083.49605101
734109.5619544719,7084.67673208
720564.3229781586,7085.85760994
717032.6698676387,7087.03868462
725420.7894002476,7088.21995617
723251.6519894616,7089.40142462
723344.4383657692,7090.58308999
721943.6500972357,7091.76495233
722931.688528106,7092.94701166
723233.0913533646,7094.12926801
722283.4192430177,7095.31172142
726774.86658583,7096.49437193
727736.9018646833,7097.67721956
728621.1965407371,7098.86026434
728111.5751070204,7100.04350632
727595.9879766379,7101.22694552
726498.8996740335,7102.41058198
724567.3943532949,7103.59441573
722218.8245960101,7104.7784468
727737.3863940141,7105.96267522
731960.3098195575,7107.14710103
724227.1064045974,7108.33172427
718746.6032823286,7109.51654495
721829.5556144608,7110.70156313
718154.7239799668,7111.88677882
707829.813020876,7113.07219206
706808.7858770915,7114.25780289
712307.6922034426,7115.44361134
713577.9551936189,7116.62961744
714613.126635393,7117.81582123
715982.8820022616,7119.00222273
718087.2272149646,7120.18882198
716354.631213329,7121.37561901
718003.0605666029,7122.56261386
715736.7698344463,7123.74980656
717788.0825984766,7124.93719714
722740.3681499214,7126.12478564
716180.648049801,7127.31257208
713778.9648423321,7128.50055651
728639.9988972972,7129.68873894
786818.9826553469,7130.87711943
986101.9021778391,7132.065698
1532449.144237549,7133.25447467
2605064.6892190315,7134.4434495
4082647.50131845,7135.6326225
5373162.020702429,7136.82199372
5732146.044328139,7138.01156318
4928153.657252501,7139.20133092
3462918.825507976,7140.39129696
2105966.6799119096,7141.58146136
1266673.237946938,7142.77182413
884070.9078425057,7143.96238531
754037.879333019,7145.15314494
721955.4865686018,7146.34410304
715434.4488551815,7147.53525965
711236.3957851211,7148.7266148
697055.8769200366,7149.91816853
699194.0827571347,7151.10992087
707477.5682853034,7152.30187185
711975.5297305508,7153.4940215
716439.450361482,7154.68636987
709768.8587621335,7155.87891697
699374.9471091238,7157.07166285
709179.287136149,7158.26460754
718466.0789366697,7159.45775106
712879.5992587482,7160.65109346
708048.2058760333,7161.84463477
708981.7623836047,7163.03837502
712732.5442346364,7164.23231424
704183.6250180443,7165.42645247
687489.4346867296,7166.62078974
694594.4224599891,7167.81532608
711847.5377200278,7169.01006152
718264.764851418,7170.20499611
714577.7163342179,7171.40012987
713185.4088538896,7172.59546283
717681.9732973388,7173.79099503
719988.6527333799,7174.98672651
717229.0725814004,7176.18265729
709004.3634478846,7177.3787874
704629.6794965513,7178.57511689
712101.3708456125,7179.77164579
708551.5311175346,7180.96837412
691958.1875188984,7182.16530192
686817.4261197292,7183.36242923
704182.8376132647,7184.55975608
716268.5496816338,7185.75728249
711463.027517385,7186.95500851
702118.7998613671,7188.15293417
688601.5766684678,7189.3510595
688759.6126597051,7190.54938454
693597.8002074214,7191.74790931
700783.3002017833,7192.94663385
696118.453942218,7194.1455582
690885.2601911947,7195.34468238
699499.4249533539,7196.54400644
707161.4455640359,7197.7435304
702657.9746365272,7198.94325429
704072.0354259781,7200.14317816
707454.010521416,7201.34330203
705999.9752157538,7202.54362594
704599.1689624374,7203.74414992
709956.9008325574,7204.944874
715795.2265947583,7206.14579822
710240.6779988693,7207.34692261
688575.1267769093,7208.5482472
679639.5617360567,7209.74977204
690967.3980701639,7210.95149714
704730.1979248481,7212.15342255
712184.430250448,7213.35554829
704016.3498682874,7214.55787441
695964.446457906,7215.76040093
694911.809031265,7216.96312788
701374.8465465223,7218.16605531
708211.6757427437,7219.36918325
710160.4928490437,7220.57251172
703481.3379811625,7221.77604076
695639.3175195233,7222.97977041
691090.884018117,7224.1837007
686350.2320899263,7225.38783166
691508.9564027546,7226.59216332
703449.3346549326,7227.79669572
710369.1707992941,7229.0014289
708980.2516052469,7230.20636287
707152.84004133,7231.41149769
711396.2860419472,7232.61683339
713883.9324686655,7233.82236998
713735.2603955746,7235.02810752
711928.0446181938,7236.23404603
700640.4385062882,7237.44018555
693807.7264788117,7238.6465261
700990.0822891187,7239.85306773
704311.3595180879,7241.05981047
702042.1557280103,7242.26675435
707066.6672538638,7243.4738994
710661.7295599413,7244.68124566
702054.9410709573,7245.88879316
695172.9127481093,7247.09654193
704677.6291311642,7248.30449202
715377.6229915939,7249.51264344
715214.0877633771,7250.72099624
703724.1347193077,7251.92955045
694018.8093438814,7253.1383061
694298.8193368692,7254.34726323
697962.625608631,7255.55642187
700265.9327518967,7256.76578205
705934.4401527105,7257.97534381
711206.9202733547,7259.18510718
704510.7733448922,7260.39507219
700722.6214706624,7261.60523888
693210.2116811605,7262.81560728
688881.1161203654,7264.02617743
698066.4509981922,7265.23694935
697320.6863919194,7266.44792309
696785.6402084623,7267.65909867
701316.2801289106,7268.87047613
706137.5275333864,7270.08205551
707576.0786916685,7271.29383683
704142.1485875563,7272.50582013
699566.4712636613,7273.71800545
698692.3041241113,7274.93039281
699815.5487892962,7276.14298225
702392.8918015143,7277.35577381
705956.0544967615,7278.56876752
701536.7260884735,7279.78196341
697843.1762406847,7280.99536152
693956.4150330445,7282.20896188
684551.0996799347,7283.42276452
682992.7261385377,7284.63676948
686014.3267650183,7285.85097679
688885.993177856,7287.06538648
699191.1132521491,7288.2799986
693600.7364430635,7289.49481316
677340.4886908543,7290.70983021
676769.1387359613,7291.92504978
673019.8744904955,7293.14047191
672141.2085777415,7294.35609662
684627.871404502,7295.57192395
696064.4581748679,7296.78795394
699942.325748398,7298.00418661
698639.8414541052,7299.22062201
695472.8144435902,7300.43726016
691449.2391904346,7301.65410111
690184.2315397664,7302.87114487
694784.1814168917,7304.0883915
697591.5226694277,7305.30584102
700262.3519047733,7306.52349346
696271.9124396902,7307.74134886
685578.5479948091,7308.95940725
678605.9271114377,7310.17766867
685270.8409091175,7311.39613315
681528.1157542217,7312.61480073
682941.5834947894,7313.83367143
699153.5354584041,7315.0527453
720737.1693196062,7316.27202236
753035.0589702697,7317.49150265
812871.3305721097,7318.7111862
891500.1714419704,7319.93107306
956457.7159949552,7321.15116324
964275.5005094464,7322.37145679
916032.3706285176,7323.59195374
833019.011606507,7324.81265412
759438.3751623619,7326.03355797
734982.0918480188,7327.25466531
758132.0730759278,7328.4759762
827587.1718221946,7329.69749065
891760.4540810992,7330.91920871
911995.1733563854,7332.1411304
889291.5718002839,7333.36325576
832690.6069346307,7334.58558483
767398.5721992262,7335.80811763
725551.5326570491,7337.03085421
710097.3120031508,7338.2537946
704384.756181417,7339.47693882
700485.1694421612,7340.70028692
699894.6539403246,7341.92383893
703588.2001164514,7343.14759488
704490.3678273262,7344.37155481
693757.6772808047,7345.59571874
686511.6061449745,7346.82008672
693693.4340904291,7348.04465878
696379.8690598033,7349.26943495
698333.0575951268,7350.49441527
693280.2838930339,7351.71959977
682961.2328373053,7352.94498848
684138.8478246448,7354.17058144
682811.6064143832,7355.39637869
673884.7782401876,7356.62238025
665917.0989807576,7357.84858616
675569.4188954149,7359.07499646
692649.8641923465,7360.30161117
701701.5922596257,7361.52843034
693345.8041525179,7362.75545399
677953.111208719,7363.98268217
676805.2212532576,7365.2101149
684256.8825741692,7366.43775222
689436.8475447892,7367.66559416
690037.077969573,7368.89364076
692116.4407312179,7370.12189205
685678.3539029846,7371.35034807
689972.278523001,7372.57900884
698146.9987072323,7373.80787442
695945.5165475695,7375.03694481
694620.8375245362,7376.26622008
692541.3076411352,7377.49570023
689206.5987630576,7378.72538532
692812.1157155856,7379.95527537
700762.089164166,7381.18537042
698062.3451541186,7382.41567051
688742.1830373566,7383.64617566
687115.7945732075,7384.87688591
687775.5320319589,7386.1078013
675187.4830538499,7387.33892186
664238.6906715806,7388.57024762
662574.1660479086,7389.80177862
661028.3508814169,7391.03351489
671817.3265454246,7392.26545647
686871.0565964194,7393.49760338
687293.9779390303,7394.72995568
684947.5421847898,7395.96251338
690317.5372138486,7397.19527653
692463.2900878302,7398.42824515
691261.9956658147,7399.66141929
686483.6311463482,7400.89479897
676698.5909684806,7402.12838423
675318.3709932028,7403.36217511
688096.052339809,7404.59617163
697387.2842196007,7405.83037384
688132.8970615488,7407.06478177
680446.7739236731,7408.29939545
685820.5595282353,7409.53421491
674800.4895026012,7410.7692402
669274.9795711362,7412.00447134
673133.3692033642,7413.23990837
683520.6183738743,7414.47555132
677236.6519627644,7415.71140023
654748.1063109961,7416.94745513
653109.3271960159,7418.18371606
664142.3788976137,7419.42018305
670157.0059734493,7420.65685613
679031.8313869421,7421.89373535
678393.1770135137,7423.13082072
663601.2403291528,7424.3681123
659692.3244074646,7425.6056101
674080.4531786165,7426.84331418
687101.7884826242,7428.08122455
693754.426649156,7429.31934126
694159.483782278,7430.55766435
685620.0247475049,7431.79619383
669870.1837290141,7433.03492976
663422.4789639342,7434.27387215
677759.416851774,7435.51302106
689915.192897472,7436.7523765
688369.4906257463,7437.99193853
688093.6136414836,7439.23170716
689204.2619055755,7440.47168244
679313.5124047656,7441.7118644
669148.8397673581,7442.95225307
669622.445664607,7444.1928485
675486.5127682458,7445.4336507
676318.9992525177,7446.67465973
668652.332502945,7447.9158756
674812.361124476,7449.15729836
676987.1311437596,7450.39892804
675175.2699355783,7451.64076468
680708.4306619585,7452.88280831
682090.3674978409,7454.12505896
681596.2142744643,7455.36751668
684235.8971387502,7456.61018148
684587.5685288516,7457.85305341
678945.1350044392,7459.09613251
680093.7606585866,7460.3394188
681550.7003730834,7461.58291233
670364.9210192835,7462.82661312
652204.4619179032,7464.07052121
658546.9680435173,7465.31463664
674470.4703742604,7466.55895943
682881.8130723331,7467.80348964
683443.0129937249,7469.04822728
679064.3936892356,7470.29317239
676293.8231477232,7471.53832501
673253.664662686,7472.78368518
670615.8209309978,7474.02925292
672141.8851815605,7475.27502827
673274.1373184004,7476.52101127
672407.9825455573,7477.76720195
674935.6209620711,7479.01360035
674388.2200930746,7480.2602065
669768.5125930472,7481.50702043
672713.5524269391,7482.75404218
671961.624166511,7484.00127179
669245.9991599513,7485.24870929
672690.0888008047,7486.4963547
680049.3450745717,7487.74420808
682751.4595379446,7488.99226945
678331.0722113921,7490.24053885
672211.2662646589,7491.48901631
670305.3785065282,7492.73770187
668875.5965747518,7493.98659556
666716.451335129,7495.23569741
651472.1848470126,7496.48500747
653947.0941835878,7497.73452576
673777.2680958628,7498.98425232
677555.883778724,7500.23418719
673452.0013804209,7501.48433039
671238.9330160342,7502.73468198
674817.0482048856,7503.98524197
676754.8597857197,7505.2360104
668906.569039845,7506.48698731
665454.4878743781,7507.73817274
669094.8240058301,7508.98956672
675175.1230439051,7510.24116928
670255.274729025,7511.49298045
653555.5688339076,7512.74500028
654272.0969567134,7513.9972288
664775.4504846964,7515.24966604
665075.8938189942,7516.50231203
663744.4461949101,7517.75516682
672797.6885635535,7519.00823043
678267.345665958,7520.26150291
679334.2432712656,7521.51498428
676582.0257747141,7522.76867458
665780.2359522913,7524.02257385
660902.7765886815,7525.27668212
664570.7147973903,7526.53099942
667382.8382604236,7527.78552579
674368.8220504744,7529.04026127
676667.8280362942,7530.29520589
674670.0621185895,7531.55035969
667536.8736426128,7532.80572269
666283.0491093748,7534.06129494
669902.2807505833,7535.31707647
674540.9294218193,7536.57306731
676656.693765185,7537.8292675
674839.9512224706,7539.08567708
672371.707870146,7540.34229607
671940.9638592595,7541.59912452
673110.438381869,7542.85616246
675342.4985831543,7544.11340992
677511.7159528219,7545.37086694
677753.2902666035,7546.62853355
673228.8772010833,7547.8864098
670933.4923953398,7549.1444957
672542.5217624465,7550.40279131
672621.2136169826,7551.66129664
672966.0643155118,7552.92001175
672730.1459464405,7554.17893666
668676.5579502769,7555.43807141
660452.1959468995,7556.69741603
661035.2562483953,7557.95697056
672138.4036343705,7559.21673503
671170.9668280417,7560.47670948
666607.7583065308,7561.73689394
669050.7076420946,7562.99728846
669951.7491875235,7564.25789305
668367.0835448585,7565.51870777
666563.6615275927,7566.77973263
668842.5458068708,7568.04096769
668689.7925063341,7569.30241297
661481.4679450708,7570.5640685
663160.065651872,7571.82593434
670672.7487706387,7573.08801049
670510.7846340798,7574.35029702
660332.4240122391,7575.61279394
657536.1874588978,7576.87550129
667352.9750392607,7578.13841912
671180.1888201992,7579.40154745
669128.2763918965,7580.66488631
667553.9318786438,7581.92843575
665525.2854870469,7583.1921958
659302.6624210963,7584.4561665
651665.7082605443,7585.72034787
651560.0515716532,7586.98473996
648979.2056657149,7588.24934279
653889.6080405148,7589.51415642
655728.1406618364,7590.77918086
653014.3742375417,7592.04441615
653151.3553221881,7593.30986234
657217.3976730187,7594.57551945
659380.9433485214,7595.84138753
662560.9393330339,7597.10746659
663017.4023873871,7598.37375669
661858.9385868923,7599.64025786
664371.9787018037,7600.90697012
661451.397189536,7602.17389353
656991.2683401519,7603.4410281
658366.7200602283,7604.70837388
661381.4945429005,7605.9759309
656806.4848797031,7607.2436992
654386.570841256,7608.51167882
659481.5595479459,7609.77986978
654032.6237562287,7611.04827212
646952.8925146391,7612.31688588
655637.7335392485,7613.58571109
660177.2173231596,7614.85474779
655779.2656085473,7616.12399602
646695.9465991028,7617.3934558
637039.2132367204,7618.66312718
636461.5285796872,7619.93301019
640343.3169332943,7621.20310486
643531.3326552083,7622.47341124
654125.056915417,7623.74392935
660693.8604467534,7625.01465923
660342.7604458198,7626.28560091
660264.7949808709,7627.55675444
659955.4483164551,7628.82811984
655375.3786930088,7630.09969716
654091.8543192795,7631.37148642
657743.49157163,7632.64348766
659815.3396213889,7633.91570093
658587.3664361069,7635.18812624
658366.8304751108,7636.46076365
658021.4769878855,7637.73361318
653420.7486416089,7639.00667486
646918.7554819414,7640.27994875
645632.2388000897,7641.55343486
652002.5508819432,7642.82713324
658809.2807652645,7644.10104391
658027.2844964112,7645.37516693
654863.6674046498,7646.64950231
653940.5273654662,7647.92405011
651578.4076659073,7649.19881034
650726.1812223671,7650.47378306
653282.9621232436,7651.74896828
652207.7160543567,7653.02436606
650781.1790501165,7654.29997642
641943.4780056989,7655.5757994
635763.8815929716,7656.85183503
639370.5798895326,7658.12808335
634852.3571471351,7659.4045444
628053.8593556327,7660.68121821
628997.8927674846,7661.95810482
632170.5112174813,7663.23520426
633994.6287147962,7664.51251657
617367.9104552879,7665.79004178
611111.2531943318,7667.06777992
635814.7322998408,7668.34573105
645128.7081346507,7669.62389518
640631.2162566102,7670.90227236
640970.8975606104,7672.18086262
643934.4197082028,7673.45966599
641841.992388514,7674.73868252
643408.2086715002,7676.01791223
645657.8679715801,7677.29735517
644977.8465706396,7678.57701136
644963.9174196145,7679.85688085
642313.2401235988,7681.13696367
640788.4606073102,7682.41725985
644296.614065431,7683.69776943
646158.9351786508,7684.97849245
645505.7349753202,7686.25942894
645191.9820361686,7687.54057894
645256.2264455261,7688.82194248
643266.3821343045,7690.1035196
641028.6313736389,7691.38531033
637296.6375378518,7692.66731471
634537.7284094243,7693.94953278
641575.021126144,7695.23196457
645430.6167000337,7696.51461011
642747.1779533128,7697.79746945
639173.9823345371,7699.08054262
630138.7851941676,7700.36382964
629761.8606660274,7701.64733057
641912.1863199236,7702.93104543
645345.665310024,7704.21497426
645134.0917948371,7705.4991171
642477.458733662,7706.78347398
640782.6600820809,7708.06804494
640396.7019870963,7709.35283001
637051.0634503952,7710.63782923
624538.4017907667,7711.92304263
613949.9560606412,7713.20847025
613917.2367649133,7714.49411213
612325.09647604,7715.7799683
610424.2286185917,7717.0660388
625994.0483597281,7718.35232366
637473.1898351434,7719.63882292
636618.9880934561,7720.92553661
636313.6657699689,7722.21246478
635707.0084014698,7723.49960745
629957.8053498601,7724.78696466
630296.7537067792,7726.07453645
633154.0590955694,7727.36232285
630915.5451634533,7728.6503239
630345.2749135792,7729.93853964
637396.0150129733,7731.22697009
639373.5572590131,7732.5156153
639256.5361137276,7733.80447531
638704.3644088124,7735.09355014
639441.1428010771,7736.38283984
641911.9852017964,7737.67234443
642744.6476738569,7738.96206396
642462.3288396221,7740.25199847
641370.116841666,7741.54214798
639689.2795968476,7742.83251253
633908.1785585387,7744.12309216
641125.9438768995,7745.4138869
680796.0576993374,7746.7048968
778641.195726892,7747.99612188
978785.3903514014,7749.28756219
1279385.9884443304,7750.57921775
1599161.150619558,7751.8710886
1746545.76474904,7753.16317479
1625655.32811597,7754.45547634
1321550.9016581704,7755.74799329
1005891.1909775812,7757.04072568
792518.770577939,7758.33367355
687275.9077056191,7759.62683692
645448.8499909331,7760.92021584
633947.0717548712,7762.21381034
635605.6554876599,7763.50762045
637669.0653750955,7764.80164622
635645.194162502,7766.09588768
633495.8954116293,7767.39034486
633995.1306015796,7768.68501781
633667.2149550165,7769.97990655
633785.1535179509,7771.27501112
629789.4400791229,7772.57033156
620731.964695457,7773.86586791
617631.3865274342,7775.1616202
613043.7460809847,7776.45758846
617386.1764053022,7777.75377274
628247.9240502816,7779.05017307
632767.7704357599,7780.34678948
625941.3494530552,7781.64362201
619379.4680173792,7782.9406707
627779.7188409708,7784.23793558
633738.4911433428,7785.53541669
633833.7250392592,7786.83311406
630498.1494659894,7788.13102774
624811.2566030363,7789.42915775
616522.139162535,7790.72750413
620508.1313523827,7792.02606693
630337.8779636449,7793.32484617
633479.9806857064,7794.62384189
633050.9767622089,7795.92305413
631460.4679425142,7797.22248292
626830.7723612771,7798.5221283
620622.7360493754,7799.82199031
620725.8303272688,7801.12206898
623523.2200330868,7802.42236434
628296.1019990072,7803.72287644
631121.1572016912,7805.02360531
632578.8651991932,7806.32455099
631745.0303761538,7807.62571351
627225.7043883583,7808.92709291
624212.0888910986,7810.22868922
626636.377202872,7811.53050248
623635.3560812442,7812.83253273
626417.7101974824,7814.13478001
632026.7399971462,7815.43724434
632379.508263964,7816.73992577
630397.2109818872,7818.04282432
629552.2494073969,7819.34594005
628727.6267436937,7820.64927298
626587.5980489809,7821.95282316
626622.2186125153,7823.2565906
630093.0595126641,7824.56057536
632023.9961450731,7825.86477747
629678.9668781493,7827.16919697
622280.2356410417,7828.47383389
622921.9616772293,7829.77868826
628115.6328006742,7831.08376013
624616.5970869728,7832.38904952
612452.6031652621,7833.69455649
611579.5925568216,7835.00028106
616361.5937636594,7836.30622326
610651.1407247722,7837.61238314
614032.9894476337,7838.91876073
622241.3885487542,7840.22535607
620474.6446084677,7841.5321692
612901.6438314148,7842.83920014
616733.2513556934,7844.14644894
621560.0647427472,7845.45391564
618687.9021212499,7846.76160026
620331.524899968,7848.06950285
624503.9363827066,7849.37762344
618860.6124419151,7850.68596207
610447.6845049266,7851.99451877
611286.951523092,7853.30329359
613520.165885004,7854.61228655
615800.3541080338,7855.9214977
613510.6711550204,7857.23092706
614763.1731937543,7858.54057468
620338.3014584335,7859.8504406
622692.9550301728,7861.16052484
620068.2991614882,7862.47082745
618138.232330111,7863.78134846
618554.0129464881,7865.09208791
620357.2206221814,7866.40304584
623373.050750942,7867.71422227
622853.6833475997,7869.02561726
621510.3223678883,7870.33723083
618972.8799046219,7871.64906301
617953.550730555,7872.96111386
612806.5805539303,7874.2733834
607847.0590849182,7875.58587167
609369.3218426048,7876.8985787
606874.857581462,7878.21150454
604571.3162545656,7879.52464921
608850.5382359925,7880.83801277
608221.5058844894,7882.15159523
601114.2629650482,7883.46539664
601579.250850828,7884.77941704
606993.4546967726,7886.09365646
607456.3403804748,7887.40811494
609664.552797296,7888.72279251
607463.2647259666,7890.03768922
604505.514277524,7891.35280509
606693.6359828253,7892.66814016
610062.4077535901,7893.98369448
603537.0475389122,7895.29946807
589515.1189314864,7896.61546098
582635.1002249364,7897.93167324
588636.1272205709,7899.24810488
598151.8823158984,7900.56475595
602065.3043874351,7901.88162648
602448.7661598511,7903.19871651
603681.7550119972,7904.51602607
602585.3306137958,7905.83355519
602217.8807440632,7907.15130393
604439.1991548686,7908.46927231
600148.3634273947,7909.78746037
591934.6646178704,7911.10586814
594306.59045102,7912.42449567
593032.4326068703,7913.74334298
581953.2972051959,7915.06241013
589621.7316024139,7916.38169713
596500.0197885456,7917.70120404
589865.0484432022,7919.02093088
586472.3992134592,7920.34087769
595213.3443670108,7921.66104452
600742.8691770904,7922.98143139
598961.6646737754,7924.30203834
593248.0632405076,7925.62286541
596197.2025852689,7926.94391264
596261.6380245513,7928.26518006
594806.560819096,7929.58666771
596596.6293049448,7930.90837563
597825.0039972102,7932.23030385
595941.1939626663,7933.55245241
589670.8814451956,7934.87482135
594260.0854932347,7936.1974107
598548.2528619006,7937.5202205
584923.1366975586,7938.84325078
580533.4354250475,7940.16650159
591181.4896397626,7941.48997296
591605.976214545,7942.81366493
586643.9012196325,7944.13757753
581544.8440941955,7945.4617108
574324.997277088,7946.78606478
576157.5476044877,7948.1106395
588011.3892154936,7949.435435
590363.8154737797,7950.76045133
589162.2328582612,7952.0856885
591867.9948891689,7953.41114657
595707.6802290783,7954.73682556
592882.8633361829,7956.06272552
587737.5312718394,7957.38884648
588245.5077948022,7958.71518848
593423.8138489237,7960.04175156
594862.5076000434,7961.36853575
596263.1182789454,7962.69554108
596540.5720412822,7964.0227676
594128.4618074336,7965.35021535
594167.5117875752,7966.67788436
596307.2286320849,7968.00577466
600234.4181444315,7969.33388629
599100.2899760243,7970.6622193
595732.4504219105,7971.99077371
594684.6991889027,7973.31954957
596174.8174310034,7974.64854691
597927.2241135924,7975.97776576
599508.3222238906,7977.30720617
599412.7201169641,7978.63686818
591100.3233831101,7979.96675181
586117.0541858607,7981.29685711
591398.9747662513,7982.62718411
598312.1533096652,7983.95773285
602854.2020453212,7985.28850336
599363.8013747401,7986.61949569
592457.945960157,7987.95070987
582278.0630341786,7989.28214594
589569.2824251346,7990.61380394
603799.4674653492,7991.94568389
602724.5361540471,7993.27778584
597430.6233796773,7994.61010983
594035.0440746224,7995.94265589
587970.0639984085,7997.27542406
589790.0931313136,7998.60841438
589079.5438070266,7999.94162688
579663.1721586768,8001.2750616
585023.1794226157,8002.60871858
589891.0682356489,8003.94259785
585741.5511112564,8005.27669946
591563.0033393796,8006.61102343
596424.8755506538,8007.94556981
592406.3182251004,8009.28033863
591451.3975073273,8010.61532994
594790.3053726852,8011.95054376
593726.03255955,8013.28598013
592924.069054194,8014.62163909
599207.6565084566,8015.95752069
598897.7551564134,8017.29362495
594528.1061031508,8018.62995191
593134.5131341162,8019.96650161
595542.0314155053,8021.30327409
592233.2512473576,8022.64026938
591582.4759110805,8023.97748752
594181.6961587275,8025.31492856
586237.2047756689,8026.65259251
575560.5664466233,8027.99047943
566103.3998929544,8029.32858935
570825.7029603495,8030.66692231
585524.2063974084,8032.00547834
592319.3451190954,8033.34425748
595904.3506678665,8034.68325977
595989.7753361989,8036.02248525
593817.4565417952,8037.36193394
597645.1101059539,8038.7016059
598092.0323047973,8040.04150116
593980.5006673738,8041.38161975
589437.1234468843,8042.72196171
589187.2304298065,8044.06252708
585092.8609372235,8045.4033159
577837.5894417104,8046.7443282
572696.2643977731,8048.08556402
572910.3414204643,8049.4270234
579562.5512268593,8050.76870637
582324.5119778896,8052.11061298
586451.7856104325,8053.45274326
588332.6792062025,8054.79509724
585982.0594152344,8056.13767497
588025.9015667371,8057.48047648
590081.6131818731,8058.82350181
590785.5359026772,8060.16675099
588641.9472621151,8061.51022407
585632.5807541767,8062.85392108
585406.6211572045,8064.19784206
584689.5906274557,8065.54198704
588706.9598734915,8066.88635606
586598.7016356844,8068.23094917
577578.4745475306,8069.57576639
573408.8461311966,8070.92080777
570255.7599580297,8072.26607334
568670.2713488931,8073.61156314
572732.3470856975,8074.95727721
574397.7136885372,8076.30321558
575582.9544252356,8077.64937829
583628.2816653773,8078.99576538
585692.3636977352,8080.34237689
581513.4427388317,8081.68921286
572984.436292739,8083.03627331
575057.5501308468,8084.38355829
577356.8949697617,8085.73106784
571963.9839833839,8087.07880199
579103.2088827576,8088.42676079
585876.2143525315,8089.77494426
577435.486321474,8091.12335245
567861.7155127993,8092.47198539
563063.2568360926,8093.82084312
555732.0728033602,8095.16992568
567020.5835552282,8096.51923311
575924.0735210929,8097.86876544
572350.370842801,8099.21852271
573718.8775936398,8100.56850496
576814.7623150529,8101.91871223
577910.89392002,8103.26914454
575664.5018008089,8104.61980195
569866.0827215693,8105.97068449
568730.7128832676,8107.32179219
572027.9904400888,8108.6731251
573149.3662688762,8110.02468325
571181.8378752619,8111.37646667
572302.7517453622,8112.72847542
574781.1395642328,8114.08070951
572199.0800568935,8115.433169
565900.9816729733,8116.78585391
560138.460906082,8118.1387643
563995.7810053858,8119.49190018
573216.7651658015,8120.84526161
572444.6987430486,8122.19884861
574916.4055258821,8123.55266124
578600.819560605,8124.90669951
576843.5638989258,8126.26096348
569611.4838015961,8127.61545318
568749.8715328827,8128.97016865
574271.4496090928,8130.32510992
574656.3661147329,8131.68027703
568168.6906801342,8133.03567002
570296.4007239853,8134.39128893
575067.4955687283,8135.7471338
577539.997886014,8137.10320466
573487.8837374164,8138.45950154
573107.7795330121,8139.8160245
575692.925397356,8141.17277357
570993.5893374651,8142.52974877
569085.1394504005,8143.88695016
570618.3469080236,8145.24437777
572982.5812993407,8146.60203163
575728.3003795407,8147.95991179
573554.5318725853,8149.31801828
568382.3360612959,8150.67635114
564791.5439239799,8152.03491041
572047.4865700483,8153.39369613
573096.4258565903,8154.75270832
570007.8359070431,8156.11194704
570470.7727072908,8157.47141232
576936.7738994763,8158.83110419
578545.8967769885,8160.1910227
574961.2115293595,8161.55116788
561845.3878813651,8162.91153977
557808.1574443879,8164.2721384
569940.4716044017,8165.63296383
574229.2031194591,8166.99401607
572430.9704655312,8168.35529518
570101.9972218471,8169.71680118
569574.196518127,8171.07853412
571599.0949573291,8172.44049404
572137.9121472619,8173.80268097
570301.9926705848,8175.16509495
568756.2778778472,8176.52773601
573003.1058237043,8177.8906042
574278.7409149505,8179.25369956
569852.7347153313,8180.61702212
564980.1620817826,8181.98057191
564679.1676440685,8183.34434899
559791.9643264557,8184.70835337
555266.807738913,8186.07258512
560394.4008445864,8187.43704425
558411.9584703478,8188.80173081
557446.8350367052,8190.16664484
570212.0859646583,8191.53178637
577945.2070311852,8192.89715545
569407.9561891332,8194.2627521
557165.2317168316,8195.62857638
545552.8201748803,8196.99462831
551981.5569459887,8198.36090793
559862.8424568351,8199.72741529
558217.0608291604,8201.09415042
555523.1283934056,8202.46111335
550695.3538094275,8203.82830413
550987.8358498662,8205.1957228
547085.9813044062,8206.56336939
551247.5378271766,8207.93124394
553938.7735301143,8209.29934648
553513.2984215196,8210.66767706
559377.5217415403,8212.03623572
557904.6759234256,8213.40502249
546126.3519749541,8214.77403741
542782.7138339895,8216.14328051
546915.2475332343,8217.51275185
551974.5932710428,8218.88245144
553833.448578276,8220.25237934
541803.4827881138,8221.62253558
531085.2472064063,8222.9929202
537101.7624547621,8224.36353324
546655.2148033854,8225.73437472
552267.8160775867,8227.10544471
552378.3579042559,8228.47674322
545317.6389650282,8229.8482703
538496.027400511,8231.22002599
535353.9622560902,8232.59201032
527059.8336113445,8233.96422334
524883.4363339397,8235.33666508
523209.7711854139,8236.70933557
519131.9278658353,8238.08223487
515473.258175976,8239.455363
513714.41216648574,8240.82872
515340.3548118953,8242.20230592
511490.32939078246,8243.57612078
507029.8765291438,8244.95016464
509294.33679020975,8246.32443752
511628.4436622237,8247.69893946
500885.50476778956,8249.07367051
490482.9725601782,8250.4486307
494038.7652398252,8251.82382006
494412.06414560956,8253.19923865
487832.4630683022,8254.57488649
482097.80553734803,8255.95076362
480802.4593314066,8257.32687009
478869.4707598821,8258.70320593
480755.37139704765,8260.07977117
486671.89887028513,8261.45656586
489524.7297047125,8262.83359004
485895.55588637426,8264.21084374
479508.56664891035,8265.588327
476791.6182474982,8266.96603986
473134.7519140718,8268.34398236
469608.0224026859,8269.72215454
472293.3282711071,8271.10055642
473754.8585738326,8272.47918807
472317.89629973395,8273.8580495
468830.86348258,8275.23714076
467176.7504471955,8276.61646189
466842.6891814368,8277.99601293
467865.92643934925,8279.37579391
472422.33893355064,8280.75580487
476397.29615190864,8282.13604586
474012.9802218423,8283.5165169
468193.6146623101,8284.89721804
468848.8857264605,8286.27814932
468551.90243592917,8287.65931077
463701.19303310727,8289.04070244
460494.12766540656,8290.42232435
464877.81384530297,8291.80417656
469388.4462043985,8293.18625909
465894.02298540954,8294.56857199
460819.2663869422,8295.95111529
461015.5238108448,8297.33388904
461369.05015009345,8298.71689327
456987.7350677197,8300.10012802
458738.02763620246,8301.48359333
465860.5918180794,8302.86728923
465273.11178268824,8304.25121577
461722.46665030374,8305.63537298
456104.666334652,8307.01976091
448637.4723658704,8308.40437958
450768.5084683778,8309.78922904
454983.41019011533,8311.17430934
449551.23866274644,8312.55962049
453679.2476706112,8313.94516256
460984.1056704218,8315.33093556
460915.2768926631,8316.71693955
462580.03466346447,8318.10317455
466231.5264349337,8319.48964062
465493.53158744547,8320.87633778
459027.14113431016,8322.26326608
454808.17712538055,8323.65042555
456782.9096198345,8325.03781623
458034.61654322234,8326.42543817
450738.6757793124,8327.81329139
442246.79999498965,8329.20137594
455410.85182991374,8330.58969186
460034.18531881337,8331.97823919
446622.7095816589,8333.36701795
440356.6963459186,8334.75602821
440451.17543279054,8336.14526998
446046.9739723252,8337.53474331
455236.46225797833,8338.92444824
450658.3006296646,8340.3143848
451761.27321981144,8341.70455305
459640.14392485237,8343.094953
453307.9386322793,8344.48558471
449062.6640378819,8345.87644821
448888.52082691866,8347.26754354
449276.64875772403,8348.65887074
449268.68632535206,8350.05042984
449021.8120555182,8351.44222089
458835.0096604024,8352.83424393
462362.2778923621,8354.22649899
458724.56846176257,8355.61898611
456857.3423589249,8357.01170533
453758.481887856,8358.40465669
448068.97751027,8359.79784023
445248.9255192821,8361.19125598
449761.97151222476,8362.58490399
453649.9351738843,8363.9787843
449446.7854211,8365.37289693
444607.98491208523,8366.76724194
451457.75469671364,8368.16181936
464320.60143776634,8369.55662923
463939.21767131676,8370.95167158
455065.9723006065,8372.34694646
450600.1269330796,8373.74245391
447751.4035243347,8375.13819396
447445.4169930634,8376.53416665
448297.28193694376,8377.93037203
444792.77084422077,8379.32681013
450462.6743248447,8380.72348098
464063.88412949885,8382.12038463
455898.02846875635,8383.51752112
437139.46296367655,8384.91489049
446620.4011640162,8386.31249276
455167.01019861206,8387.710328
442233.79985125794,8389.10839622
434611.04062931146,8390.50669747
440900.1476973762,8391.9052318
442366.53521095833,8393.30399923
445286.52259408095,8394.70299981
452088.8556465431,8396.10223358
456274.4612752633,8397.50170057
451014.7162153471,8398.90140082
452795.2181878559,8400.30133438
460438.22015446203,8401.70150128
455783.9159558253,8403.10190156
453811.9023054512,8404.50253526
461381.8687334917,8405.90340242
461857.07963027025,8407.30450308
462873.40435806866,8408.70583727
461687.42843092437,8410.10740503
459142.09038239875,8411.50920642
449283.48249777313,8412.91124145
429972.023933222,8414.31351018
425282.2713140101,8415.71601263
440282.06539479556,8417.11874886
448646.81070948,8418.52171889
448266.1597836621,8419.92492278
451345.50425465294,8421.32836055
455086.0133565305,8422.73203224
457111.4419145523,8424.13593791
452567.0636660353,8425.54007757
447436.0830697709,8426.94445128
439099.77579049644,8428.34905907
449018.8347500896,8429.75390098
465190.03252268024,8431.15897705
464456.3211874185,8432.56428732
455374.21519168833,8433.96983182
445014.49501066824,8435.37561061
425139.2018820696,8436.78162371
416119.8014170391,8438.18787116
420421.2085731095,8439.59435301
416548.2403684688,8441.00106929
425826.3862107134,8442.40802005
444416.52723328065,8443.81520531
449507.79353538615,8445.22262513
444705.4464240014,8446.63027953
433503.74569002213,8448.03816857
434074.2225107136,8449.44629227
450805.3349773037,8450.85465068
450590.1617780155,8452.26324383
453835.8681264905,8453.67207177
460690.3932471245,8455.08113454
459070.108281754,8456.49043216
452847.1485006841,8457.89996469
449048.05620936863,8459.30973216
451931.6716429583,8460.71973462
455384.58857624384,8462.12997209
459297.5661212129,8463.54044462
455609.39535325253,8464.95115225
440681.2391134706,8466.36209502
420220.3364236301,8467.77327296
403196.93584764504,8469.18468612
404071.51480517135,8470.59633454
426276.7036036558,8472.00821825
439813.6115291817,8473.42033729
447588.57995073224,8474.8326917
455793.57972414145,8476.24528153
453972.2358309679,8477.65810681
453444.49917676504,8479.07116758
456582.8813207847,8480.48446388
454038.5117210143,8481.89799575
449991.30213094235,8483.31176323
450876.69064682635,8484.72576635
456383.67602235463,8486.14000516
458123.86291691376,8487.5544797
455540.0228806415,8488.96919
451993.92090055207,8490.38413611
454189.59426649235,8491.79931806
452264.6393519349,8493.21473589
445955.3395255245,8494.63038965
434437.9423445762,8496.04627937
410110.76511909004,8497.46240509
361613.166116245,8498.87876685
322998.981777821,8500.29536469
346396.4553244207,8501.71219865
376549.3484367771,8503.12926877
382418.53251922055,8504.54657509
398897.3096206147,8505.96411764
422462.3578042585,8507.38189647
440576.62081522646,8508.79991162
450606.5196315429,8510.21816312
451783.2871934754,8511.63665102
448244.39794267266,8513.05537535
443860.1194292697,8514.47433616
431179.9858729658,8515.89353348
427602.4776899375,8517.31296735
438775.0757783036,8518.73263782
438894.3163483335,8520.15254491
443009.03890436195,8521.57268868
448625.70546755655,8522.99306915
448715.08760554116,8524.41368638
447920.78294962365,8525.8345404
442664.5260474328,8527.25563124
437030.57079676737,8528.67695895
438754.0584148241,8530.09852357
439167.98280428676,8531.52032514
434401.2823481856,8532.94236369
429691.7566357238,8534.36463927
424713.54977322824,8535.78715192
413391.9771332566,8537.20990167
395892.39862358617,8538.63288857
373474.59960672946,8540.05611265
342859.6501722096,8541.47957395
301349.3066666062,8542.90327252
270092.0622320069,8544.32720839
284681.17654593475,8545.7513816
315996.6245204943,8547.1757922
343155.93118148687,8548.60044021
367490.77947864984,8550.02532569
389502.11210056196,8551.45044867
408455.72862414777,8552.87580919
425097.4348214846,8554.30140728
434693.18977627886,8555.727243
433360.61480083776,8557.15331638
432052.55177141377,8558.57962745
441007.2327088142,8560.00617627
447248.0895520419,8561.43296286
446039.3973101728,8562.85998727
449257.50102045597,8564.28724953
451601.56188363675,8565.7147497
449533.35887664114,8567.1424878
450087.5252875423,8568.57046387
450588.41097934166,8569.99867796
450373.53136604145,8571.42713011
453343.8371757766,8572.85582035
458657.5739726363,8574.28474873
466995.7687790663,8575.71391528
482647.2168494955,8577.14332005
512899.656272307,8578.57296307
540352.6819688785,8580.00284438
547455.5196267928,8581.43296403
526696.8456005246,8582.86332205
487651.8105080882,8584.29391849
465935.48458788585,8585.72475337
459043.6349010317,8587.15582675
454272.58564009244,8588.58713866
450332.22822123684,8590.01868914
447216.21496999625,8591.45047824
445454.1792984308,8592.88250598
442731.1077355437,8594.31477242
438475.4754807454,8595.74727759
428850.94647338055,8597.18002153
410765.38846012554,8598.61300427
392958.0695383807,8600.04622587
397308.65653027047,8601.47968636
418827.48827338545,8602.91338578
430703.5320294661,8604.34732417
435113.52539785305,8605.78150157
438980.08197406464,8607.21591802
444314.53058351437,8608.65057356
450218.57580564887,8610.08546822
449352.8115172546,8611.52060206
439620.917257219,8612.9559751
436157.24138547503,8614.3915874
444776.43629073905,8615.82743898
450844.1782367872,8617.26352989
450673.8062230022,8618.69986017
452530.5123033449,8620.13642986
455474.95871763484,8621.57323899
451526.10767658526,8623.01028762
446432.04711713403,8624.44757577
454520.5743622021,8625.88510349
460734.88196777605,8627.32287082
459353.1695787133,8628.76087779
457581.20619265677,8630.19912446
455747.8187387956,8631.63761085
455772.1494845988,8633.07633701
454118.3588235054,8634.51530297
455436.72883514693,8635.95450879
456946.9227625032,8637.39395449
455758.43336091976,8638.83364012
454865.58960574685,8640.27356572
453080.8249509585,8641.71373132
451194.90720915486,8643.15413697
448466.4059402465,8644.59478271
450659.14535889676,8646.03566858
453448.3623584812,8647.47679462
448503.548683327,8648.91816086
436390.8162834358,8650.35976735
433760.519875829,8651.80161413
436805.4641308969,8653.24370123
432686.64852321724,8654.68602871
425067.6002366187,8656.12859659
415625.9799825186,8657.57140492
402460.93164817645,8659.01445374
378755.45029848715,8660.45774308
341334.99649441,8661.901273
291025.3585484665,8663.34504352
265786.26239695767,8664.78905469
289956.7245028273,8666.23330655
324838.2081225047,8667.67779914
357062.6769876441,8669.1225325
382719.8560694628,8670.56750667
401375.4425244772,8672.01272168
412198.1404530211,8673.45817759
418537.56884516065,8674.90387442
415760.6450554769,8676.34981223
419626.6096954034,8677.79599104
437833.1897042614,8679.2424109
439739.3657264659,8680.68907186
431227.8136281488,8682.13597394
433235.1421759773,8683.58311719
435555.1832251235,8685.03050166
441675.9343315357,8686.47812737
445308.9070381715,8687.92599438
432346.39595212816,8689.37410272
417030.1070792229,8690.82245243
428705.1105679992,8692.27104355
445604.2229929287,8693.71987612
447970.076183849,8695.16895019
447791.830278132,8696.61826579
451098.6925197488,8698.06782296
451880.6465999353,8699.51762174
444131.37448611076,8700.96766218
443743.7989926184,8702.41794431
447558.3061999002,8703.86846817
445463.1565375235,8705.31923381
449078.7330181668,8706.77024126
454015.0491489938,8708.22149057
453972.6041599128,8709.67298178
450201.9181473388,8711.12471491
442555.34206763207,8712.57669003
437473.2372270309,8714.02890716
435698.95616543805,8715.48136634
448091.00945139007,8716.93406763
454566.21011957957,8718.38701105
448941.4803320387,8719.84019664
446672.28353509743,8721.29362446
451860.6933449005,8722.74729453
455455.0922528401,8724.2012069
453799.9487149072,8725.65536161
451539.07106796734,8727.1097587
447432.0122328321,8728.56439821
438754.363431505,8730.01928018
436754.37712840305,8731.47440465
444106.1058513433,8732.92977166
449467.3438313802,8734.38538126
446231.6468938608,8735.84123347
439200.2884179396,8737.29732835
438788.3932563631,8738.75366593
443478.23552065913,8740.21024625
442878.75333776337,8741.66706936
433734.0770405312,8743.12413529
426998.9455022962,8744.58144408
428195.9748920876,8746.03899578
425074.9041571822,8747.49679043
413420.3147418724,8748.95482806
399879.20373200317,8750.41310872
383767.42006265937,8751.87163244
371942.98210245755,8753.33039928
385396.95356063085,8754.78940926
410342.67376257427,8756.24866242
421771.3299655116,8757.70815882
419764.4581296324,8759.16789849
428602.0653438502,8760.62788147
439476.4403573829,8762.0881078
441218.958459923,8763.54857752
437123.0967467994,8765.00929067
432202.7690434883,8766.4702473
434555.35148834606,8767.93144743
436875.4197647715,8769.39289113
444282.5206708756,8770.85457841
444274.9072702326,8772.31650933
437161.72594600345,8773.77868393
431130.0427278366,8775.24110224
435282.4398947463,8776.70376431
444703.74746085407,8778.16667018
445961.0438686237,8779.62981988
442665.79145115206,8781.09321346
446447.7326330356,8782.55685096
450892.5619152073,8784.02073243
448126.30076235096,8785.48485789
444004.9919360427,8786.94922739
448980.13748430496,8788.41384098
452108.4633573198,8789.87869869
444791.64968274324,8791.34380056
436656.0699599944,8792.80914663
436843.63910736644,8794.27473695
434854.3258814483,8795.74057156
440942.6298974884,8797.20665049
442643.9609428751,8798.67297379
445005.36655246385,8800.1395415
447277.3168671705,8801.60635365
445931.70472215017,8803.07341029
445374.5455144136,8804.54071147
436822.1214943009,8806.00825721
418079.0687260748,8807.47604757
399998.4437753592,8808.94408257
410332.82218758744,8810.41236227
432405.76811131224,8811.88088671
445467.56289057,8813.34965592
447053.1860422038,8814.81866994
446022.5330977987,8816.28792882
447292.47304184694,8817.7574326
446654.1203149375,8819.22718131
441950.5470503066,8820.697175
438235.159922679,8822.16741372
439367.5474936749,8823.63789749
432711.7303441617,8825.10862636
422226.6850996719,8826.57960038
433328.0229251596,8828.05081958
442553.8787546297,8829.522284
444809.7705034986,8830.99399368
447698.95150216925,8832.46594868
447656.03958896676,8833.93814901
444149.8255816758,8835.41059474
440131.4555838692,8836.88328589
433919.81504372426,8838.35622252
427336.15530224924,8839.82940465
428486.49540552904,8841.30283233
437149.64867516985,8842.77650561
438004.47407559847,8844.25042451
437750.496929136,8845.72458909
436736.13815181307,8847.19899939
432698.3487210258,8848.67365544
433405.55825572833,8850.14855729
436024.9965185681,8851.62370497
435697.3165460248,8853.09909854
433828.3527769231,8854.57473802
431064.6624712077,8856.05062346
427783.10326970596,8857.52675491
420552.2014522918,8859.0031324
409014.9004821382,8860.47975597
395923.87286212825,8861.95662566
375477.81742398185,8863.43374152
358310.7505061148,8864.91110359
370759.8296036934,8866.3887119
386925.56253370625,8867.86656651
388916.37584730994,8869.34466744
399165.6900208419,8870.82301474
413490.74734321464,8872.30160846
419429.9518387259,8873.78044863
420490.97251439176,8875.25953529
419540.7591441899,8876.73886848
419040.83831296116,8878.21844826
419969.8048874582,8879.69827465
421743.70359235496,8881.1783477
425938.0114385038,8882.65866744
426474.64235177595,8884.13923393
425145.5366076154,8885.6200472
428123.5164049502,8887.10110729
433214.29708138,8888.58241425
434395.4470316971,8890.06396811
433078.9595533028,8891.54576892
427435.62251809024,8893.02781672
424898.19238161144,8894.51011154
430481.44514784665,8895.99265343
434292.8555179848,8897.47544244
433119.9886835892,8898.9584786
430697.83407475025,8900.44176195
430478.6739901395,8901.92529253
434447.0797227649,8903.40907039
433642.6345644938,8904.89309557
431149.10428409243,8906.3773681
432117.11931247555,8907.86188804
434169.6241304525,8909.34665541
433798.05029630644,8910.83167027
430970.61468099477,8912.31693265
422454.7846132873,8913.80244259
421549.1903517666,8915.28820014
430668.49494408263,8916.77420534
433183.55955008155,8918.26045823
431427.842850009,8919.74695884
423747.8129769182,8921.23370723
420530.5052927869,8922.72070342
426985.46853681054,8924.20794747
426666.5747007327,8925.69543942
422354.04007567215,8927.1831793
413767.5368789428,8928.67116716
413657.24236629164,8930.15940304
423849.28247983416,8931.64788697
425970.3919059691,8933.13661901
422666.87161579466,8934.6255992
425305.7707691777,8936.11482756
430802.68697493244,8937.60430415
433088.5399919811,8939.09402901
432023.4524993069,8940.58400217
429394.1111039825,8942.07422369
428090.39951440867,8943.5646936
425204.0126058707,8945.05541194
419049.3628752826,8946.54637875
411341.64587866573,8948.03759408
412941.7500341924,8949.52905796
420134.314769157,8951.02077044
425218.2400395597,8952.51273156
430267.6789517714,8954.00494137
431866.3997771553,8955.49739989
431062.81576163485,8956.99010718
431385.5569123583,8958.48306327
432178.9452744139,8959.97626821
430412.9400864531,8961.46972204
427146.4871899678,8962.9634248
427045.76572908484,8964.45737653
428154.53707474115,8965.95157728
423861.3341956596,8967.44602707
419985.044713321,8968.94072596
420949.7486433484,8970.43567399
423904.0975653165,8971.9308712
424732.10115820594,8973.42631763
425157.23312473425,8974.92201332
421993.65655795916,8976.41795832
413883.6052974223,8977.91415266
414720.51671201363,8979.41059638
416389.0095244536,8980.90728954
420900.17079106154,8982.40423216
427597.15344138315,8983.90142429
427530.8392100417,8985.39886598
422557.05452876457,8986.89655726
421420.39544453885,8988.39449818
424186.924019867,8989.89268878
421585.144852376,8991.39112909
419290.8326982121,8992.88981917
420259.87110335403,8994.38875904
419890.8027231032,8995.88794877
418516.57315249625,8997.38738837
418439.9405086337,8998.88707791
412945.5457787281,9000.38701741
404174.94891696866,9001.88720693
411867.98803744063,9003.3876465
419071.91011272557,9004.88833616
418498.42594161286,9006.38927596
416335.93400524714,9007.89046593
416872.8411814069,9009.39190613
435181.5837440224,9010.89359658
501261.5462158033,9012.39553734
639680.2860620252,9013.89772844
815208.508394265,9015.40016993
944682.574709947,9016.90286184
965499.2574617431,9018.40580423
861581.4937934699,9019.90899713
690004.0829805661,9021.41244058
535923.3697749809,9022.91613462
446749.3964365888,9024.4200793
414314.0513773201,9025.92427466
408385.212678036,9027.42872074
407494.7262482766,9028.93341758
407396.9324187759,9030.43836523
411821.72500697087,9031.94356372
414338.5548033867,9033.4490131
418478.698719185,9034.9547134
417659.37994968594,9036.46066468
412529.8421695938,9037.96686697
412289.4657736808,9039.47332032
415849.56065668556,9040.98002476
421070.6363403131,9042.48698034
424115.6432464032,9043.9941871
422965.3507042374,9045.50164508
420346.7928639159,9047.00935433
418026.4623144463,9048.51731488
419465.4453965178,9050.02552678
420578.94378486805,9051.53399007
418861.6366767946,9053.04270479
418381.16977006197,9054.55167099
421392.05837444856,9056.0608887
423315.7376017251,9057.57035796
426874.88076666975,9059.08007883
449609.63623539236,9060.59005134
561118.7861667153,9062.10027553
975557.5114541393,9063.61075144
2161584.1879658364,9065.12147912
4605878.557321774,9066.63245862
8165739.341285304,9068.14368996
11561376.452763686,9069.65517319
12899102.384083604,9071.16690836
11303470.253906885,9072.67889551
7814539.769730138,9074.19113468
4332611.022589274,9075.7036259
2031532.9812531671,9077.21636923
933144.521941073,9078.72936471
533746.1207408926,9080.24261237
423878.02161435894,9081.75611226
412574.71138194035,9083.26986442
419134.38672900974,9084.78386889
416194.6153306339,9086.29812572
410390.77044390584,9087.81263495
398783.1905446706,9089.32739661
379595.68191523047,9090.84241076
385784.76610393357,9092.35767743
406680.74513775454,9093.87319667
411040.4370569668,9095.38896851
399004.2213410816,9096.90499301
402990.29907628597,9098.42127019
414329.8759192338,9099.93780011
407314.24494469346,9100.0
409368.4814617455,9109.10455152
409470.54053733463,9118.21821214
412425.5478326886,9127.34099098
409828.3965035908,9136.47289716
402487.38013487466,9145.61393982
399926.3521978132,9154.76412809
396687.29774512275,9163.92347113
391395.30854206946,9173.09197809
394245.7473128897,9182.26965814
403289.22774367983,9191.45652047
419572.9998222002,9200.65257425
447217.7276269556,9209.85782868
479340.1037045383,9219.07229297
497011.45924061304,9228.29597634
496370.96262402314,9237.528888
475548.4359854681,9246.7710372
438825.34647974564,9256.02243316
408801.43526074727,9265.28308515
395093.66317742877,9274.55300242
389217.13565443986,9283.83219424
385832.126586184,9293.1206699
385437.2246442581,9302.41843868
385759.1209446716,9311.72550988
385187.7306084369,9321.0418928
385788.11234573973,9330.36759677
386368.7923827509,9339.70263111
383887.74921375146,9349.04700515
380033.5432360016,9358.40072823
378429.047058475,9367.76380972
377548.64057717327,9377.13625898
375508.58918720216,9386.51808537
372804.2266678667,9395.90929828
367730.4571723308,9405.3099071
364271.27483365324,9414.71992123
367558.4213825252,9424.13935008
368323.977264658,9433.56820307
366593.55496288097,9443.00648963
367445.90254696936,9452.45421919
373083.33610927605,9461.91140122
395446.4338046082,9471.37804515
483825.2387932127,9480.85416046
766316.8795263822,9490.33975663
1444797.152485339,9499.83484314
2645429.254566111,9509.33942948
4134313.6181628713,9518.85352517
5233910.838196657,9528.37713971
5276236.860676481,9537.91028262
4236219.980149788,9547.45296345
2763933.765572435,9557.00519173
1537148.748302882,9566.56697702
815077.2926118895,9576.13832888
501982.75536623533,9585.71925687
397001.5564100162,9595.30977059
367161.65004004014,9604.90987961
361200.94651713676,9614.51959355
357725.5642969828,9624.138922
355657.941044221,9633.7678746
354716.1852321796,9643.40646096
352603.1444114583,9653.05469074
351348.6834404219,9662.71257356
352187.8500615709,9672.3801191
352128.46424169635,9682.05733702
351455.79426463606,9691.744237
351498.8368237041,9701.44082873
352293.877409199,9711.1471219
351822.2041747182,9720.86312621
349785.9814688875,9730.58885139
347373.7126743458,9740.32430716
346949.3423041457,9750.06950325
347764.2947297371,9759.82444941
347389.622584657,9769.5891554
346528.89418400056,9779.36363098
345047.4408284008,9789.14788592
346631.40371714183,9798.94193002
347995.2888981032,9808.74577305
348675.795256679,9818.55942483
348083.19502816244,9828.38289517
347395.13300328143,9838.2161939
346676.8117168151,9848.05933084
345935.3980464886,9857.91231584
345865.933531443,9867.77515876
345266.45090598695,9877.64786945
342516.2993644432,9887.53045779
340728.1327357274,9897.42293366
340887.44502467685,9907.32530695
340638.3648399529,9917.23758758
339514.9195465859,9927.15978544
339257.82232615235,9937.09191046
339023.3599648885,9947.03397257
338970.79448417533,9956.98598172
339573.0261583572,9966.94794785
338786.5952277573,9976.91988093
338381.44367855473,9986.90179094
341482.7813175923,9996.89368785
356324.3217912548,10006.8955816
393887.47878730414,10016.9074823
457616.20657725504,10026.9294
533380.9955224586,10036.9613445
585231.9428806425,10047.003326
587467.7154673294,10057.0553545
539218.5834369116,10067.11744
461147.00140725845,10077.1895927
392797.1633297408,10087.2718226
355474.26309444965,10097.3641397
339438.6055235899,10107.4665542
332841.8090757387,10117.5790762
330986.4624621745,10127.7017158
329889.52559068747,10137.834483
328194.84504557226,10147.9773881
327774.59972446156,10158.1304412
327866.68164761923,10168.2936524
327840.6859300575,10178.4670319
326791.59259503474,10188.6505898
325401.4817572691,10198.8443364
324920.98457358434,10209.0482819
323640.2502910335,10219.2624364
323767.3459444918,10229.4868102
324558.3709414884,10239.7214134
324355.6590679121,10249.9662564
323227.18392356887,10260.2213494
323788.12552552985,10270.4867025
328055.4330295354,10280.7623262
336404.3124467624,10291.0482306
350330.33754923486,10301.3444261
364989.7710615998,10311.6509229
370415.06510629074,10321.9677314
362266.1289871731,10332.2948618
347092.46042615623,10342.6323245
332635.98368041567,10352.9801299
322686.6154345598,10363.3382883
315620.8307756743,10373.7068099
312728.36492223485,10384.0857053
311432.94484672346,10394.4749848
311659.78934649087,10404.8746588
312675.22947313555,10415.2847376
311509.67136833374,10425.7052317
310781.76276086154,10436.1361515
310318.95073720947,10446.5775075
307802.36425058136,10457.02931
306679.5055553917,10467.4915696
308102.2369315346,10477.9642967
308421.6054659933,10488.4475017
306951.65372077515,10498.9411952
306279.17964524525,10509.4453876
306413.1967387211,10519.9600894
305317.79078753747,10530.4853113
304702.03491063614,10541.0210636
304847.42339645146,10551.5673569
304401.14614775736,10562.1242018
302665.6358035202,10572.6916088
299135.67630746233,10583.2695885
298687.6971337121,10593.8581515
298739.6867157855,10604.4573084
299155.0153071025,10615.0670697
300627.4028340289,10625.6874461
300872.6326570322,10636.3184481
299846.6620542635,10646.9600865
296785.06065726635,10657.6123718
294211.99506763386,10668.2753148
292022.72339769,10678.948926
288798.51488375483,10689.6332162
290544.72462156747,10700.328196
292944.10211622156,10711.0338762
291424.6212961167,10721.7502673
288906.5585004643,10732.4773803
289555.19773795834,10743.2152257
291351.9957338927,10753.9638143
302587.06190117315,10764.7231569
338632.76098825096,10775.4932642
446631.5948146566,10786.274147
694302.9776708452,10797.0658161
1094846.8628853802,10807.8682822
1534615.0351323732,10818.6815563
1791948.720517418,10829.505649
1704737.6108808029,10840.3405712
1327022.7944438912,10851.1863337
877696.3687709084,10862.0429475
545041.7551805921,10872.9104232
382258.20097753423,10883.7887719
348582.465201435,10894.6780044
399074.8916719411,10905.5781316
503139.113384973,10916.4891643
617315.8338768751,10927.4111135
680372.7843100061,10938.3439902
656522.6177756928,10949.2878052
553558.7131985169,10960.2425694
427391.0946785282,10971.208294
335493.24916222016,10982.1849897
288695.3885912361,10993.1726676
270349.4432576275,11004.1713387
264765.683065223,11015.1810139
264249.72662578063,11026.2017044
265069.5380590626,11037.233421
265612.5867931167,11048.2761749
265665.45120937255,11059.3299771
265505.32219984825,11070.3948385
265410.53622689215,11081.4707704
265070.32023336244,11092.5577838
264972.8348924067,11103.6558897
264045.2553562005,11114.7650993
262613.1470717344,11125.8854236
262707.4969944568,11137.0168738
263061.9293753373,11148.1594611
263184.50528766983,11159.3131965
263467.4004722081,11170.4780912
261808.280237497,11181.6541564
260022.63503395155,11192.8414032
261222.9937088208,11204.0398429
262514.65840569936,11215.2494866
261893.9902753433,11226.4703456
260556.51600118587,11237.7024311
257983.15585929097,11248.9457542
257166.3994515262,11260.2003263
258857.1310815007,11271.4661586
256839.22865727032,11282.7432624
254261.22343839993,11294.0316489
254508.4453216157,11305.3313295
254590.42787912826,11316.6423153
253937.09270661508,11327.9646179
253391.05208548883,11339.2982483
253640.1309700856,11350.6432181
254094.9577713171,11361.9995386
252822.28653701802,11373.367221
250751.15998216064,11384.7462768
249958.29875118364,11396.1367173
250258.5124925665,11407.538554
251008.41606739175,11418.9517983
251078.49314449227,11430.3764614
251008.21468523878,11441.812555
252207.85017921258,11453.2600904
252770.13527982368,11464.719079
251723.76213104176,11476.1895323
249935.98701377414,11487.6714619
249545.38139362918,11499.1648791
249912.0660362019,11510.6697955
250000.66822420407,11522.1862225
250227.55805142014,11533.7141718
250807.47439878221,11545.2536547
250671.87246406008,11556.8046829
250026.74145319627,11568.3672679
248355.2883675431,11579.9414213
245009.3766704002,11591.5271546
242568.3147172824,11603.1244795
242416.9056391971,11614.7334075
243946.06758442405,11626.3539502
243354.0604886546,11637.9861192
243669.09952052677,11649.6299263
243723.34873081878,11661.285383
243384.4816166441,11672.9525009
242789.08340711205,11684.6312919
242336.71619139772,11696.3217674
243960.04118125464,11708.0239393
244473.5761124022,11719.7378192
243897.63416153664,11731.4634188
242437.64829229284,11743.2007499
240367.73922326582,11754.9498242
239569.08124960988,11766.7106535
238165.12749426684,11778.4832495
238470.01161015918,11790.2676239
239849.74270057536,11802.0637887
239360.70699320352,11813.8717554
235439.11757280215,11825.6915361
234348.91378439296,11837.5231425
237354.66787764692,11849.3665863
238411.81952950265,11861.2218796
236255.41313816392,11873.089034
231906.4036436482,11884.9680616
232077.36073868608,11896.8589741
235521.2093975049,11908.7617835
236776.11943622047,11920.6765017
236467.34422001,11932.6031405
235014.2733465232,11944.5417119
233043.69745828802,11956.4922279
230001.06914793077,11968.4547004
226700.38441169076,11980.4291413
227608.29967966143,11992.4155626
230509.9441117051,12004.4139764
231543.87416670888,12016.4243946
229802.78118371655,12028.4468292
228973.6556375214,12040.4812923
230203.68303430808,12052.5277958
230146.99430578214,12064.5863519
228405.38117154548,12076.6569725
226879.81583850054,12088.7396698
226358.48171718488,12100.8344559
226295.2911073722,12112.9413428
227507.59853511667,12125.0603426
227956.75310519483,12137.1914675
228290.3293831647,12149.3347296
227959.5801320102,12161.490141
226761.67335989617,12173.6577139
225517.50034503042,12185.8374605
225091.195772789,12198.0293929
225243.0375450742,12210.2335234
224908.377136952,12222.449864
224578.16629644806,12234.6784272
224237.68990558595,12246.919225
223474.33899227195,12259.1722697
222131.43266319623,12271.4375736
222059.85264022258,12283.7151489
222642.75103952212,12296.005008
222449.9232868933,12308.3071631
221600.35686135016,12320.6216264
220497.88979419429,12332.9484104
219692.8361996389,12345.2875274
220008.93529444368,12357.6389896
220315.3953842723,12370.0028095
219790.16189688543,12382.3789993
218462.98799692545,12394.7675716
218200.90720216205,12407.1685386
217346.45893426661,12419.5819128
216024.63923032163,12432.0077066
216783.42039075796,12444.4459323
217634.32832000227,12456.8966026
217245.74678002053,12469.3597297
216962.09492979126,12481.8353262
216881.3489092547,12494.3234045
216213.11604606576,12506.8239772
215179.07062238912,12519.3370566
216547.7648163549,12531.8626555
219623.41689353372,12544.4007861
221251.81947024417,12556.9514612
221520.44846788305,12569.5146932
220747.79873515345,12582.0904948
218276.67962682788,12594.6788784
215185.80519441515,12607.2798567
213094.59804908495,12619.8934423
211907.33114809828,12632.5196478
210971.29890165542,12645.1584858
211037.08453562908,12657.809969
210401.8566331829,12670.47411
209566.02251112548,12683.1509215
210031.88738667374,12695.8404161
210119.62485044717,12708.5426065
210077.86573325936,12721.2575055
210852.21023709324,12733.9851258
217991.6978408726,12746.72548
245139.15728805366,12759.478581
315002.4012711233,12772.2444414
451525.97383278934,12785.0230741
643035.8406289562,12797.8144918
812196.8520320755,12810.6187074
863436.3742591444,12823.4357335
766804.2585778509,12836.2655831
578545.3769688937,12849.108269
397854.0732170224,12861.9638039
281803.64748693013,12874.8322009
227339.56575889976,12887.7134726
207371.9655505391,12900.6076321
202586.8034807014,12913.5146922
201615.72266351397,12926.4346658
201192.16128062038,12939.3675658
202551.5307896806,12952.3134052
202633.6016535576,12965.272197
201471.93388984143,12978.243954
201478.23218185984,12991.2286892
201125.98087572682,13004.2264157
200574.34688507998,13017.2371464
200243.90698635363,13030.2608943
199937.15022320487,13043.2976725
200201.0232440092,13056.347494
200163.5763999277,13069.4103718
199482.90895946522,13082.4863191
198591.2480998746,13095.5753488
197514.5470875364,13108.6774742
196514.61411265694,13121.7927082
196146.8734885809,13134.9210639
195334.9772176559,13148.0625547
195457.4553937549,13161.2171934
196680.12495779002,13174.3849934
196787.02488721084,13187.5659678
196158.4832931206,13200.7601298
195633.19457286564,13213.9674925
195907.2380886675,13227.1880692
196267.99785594267,13240.421873
195487.0400396126,13253.6689173
194250.0861783445,13266.9292153
191932.05087903806,13280.2027802
189895.55793602488,13293.4896253
190921.2947501386,13306.7897638
191069.49128887677,13320.1032092
192040.3516788342,13333.4299747
192989.49208920024,13346.7700736
192822.22984810424,13360.1235193
192131.48967232916,13373.4903251
190640.41235667028,13386.8705044
190218.32685454117,13400.2640706
190456.06203910845,13413.671037
190760.90351715937,13427.0914171
191145.66215611045,13440.5252243
190915.50132835837,13453.9724721
190468.82488316085,13467.4331738
189928.57874492955,13480.9073429
188571.43018906092,13494.3949929
188155.96736295868,13507.8961374
189135.78555477923,13521.4107897
189021.04111011786,13534.9389635
187451.70197942594,13548.4806722
186144.84499105782,13562.0359293
186015.06219350625,13575.6047485
185246.96980182343,13589.1871433
184991.03388500857,13602.7831273
185586.05056231868,13616.3927141
184670.54595321132,13630.0159173
184277.3112264452,13643.6527505
184578.68444887278,13657.3032274
183983.38350926983,13670.9673615
182838.17408228226,13684.6451666
182464.73210371134,13698.3366564
182768.64133588356,13712.0418445
182933.13381570517,13725.7607447
183094.177990521,13739.4933706
183225.6232015278,13753.239736
182779.04018853005,13766.9998546
182055.57899114772,13780.7737403
182281.79007565632,13794.5614067
182835.82720800856,13808.3628677
182116.3250643537,13822.1781371
181014.0539432037,13836.0072286
179914.45800296706,13849.8501561
179487.26424611508,13863.7069335
179719.2528713426,13877.5775746
179212.4250043487,13891.4620933
176629.93701317406,13905.3605034
175252.9121633087,13919.2728189
176355.9186994921,13933.1990537
176734.21356380568,13947.1392217
176098.556358018,13961.0933368
175371.8432936979,13975.061413
174908.00616360863,13989.0434643
173959.8135272447,14003.0395046
174927.28848910087,14017.049548
175652.3601783882,14031.0736084
174857.40335997264,14045.1116999
172745.75577893312,14059.1638365
170169.565122141,14073.2300322
170444.06324756757,14087.3103012
170715.84202743604,14101.4046575
168969.42510602882,14115.5131152
166685.32219019384,14129.6356884
166826.42901355427,14143.7723913
167689.1030524232,14157.9232379
167576.10521545846,14172.0882425
166132.91049917086,14186.2674192
165689.65025962944,14200.4607821
165898.4121002527,14214.6683455
164974.19404411828,14228.8901235
164547.71097441652,14243.1261304
164617.88833568082,14257.3763805
165552.89824748508,14271.640888
165667.2677052265,14285.919667
164987.96089671267,14300.2127321
165325.05493470328,14314.5200973
165608.112347156,14328.841777
165278.8356276787,14343.1777856
165039.04587944914,14357.5281374
164917.35491867227,14371.8928467
164724.1173056639,14386.2719279
163060.972689538,14400.6653953
162346.359882182,14415.0732634
161439.278176132,14429.4955466
161161.76619116435,14443.9322593
162481.8897948514,14458.383416
163718.7073091935,14472.849031
164194.2451846005,14487.3291189
163112.12229888234,14501.8236941
161534.0405531876,14516.3327711
159549.6980064431,14530.8563644
157907.11004083545,14545.3944887
158042.20283374455,14559.9471583
158666.9867659518,14574.5143878
157557.44330674017,14589.0961919
153925.83566678522,14603.6925851
152346.0476931065,14618.3035819
151253.6428096254,14632.9291971
148667.18672469826,14647.5694452
145332.62948208416,14662.2243409
144509.39173495318,14676.8938988
144646.64415588565,14691.5781336
143264.0321065402,14706.27706
142925.11486018845,14720.9906926
143278.2608429651,14735.7190462
142869.9850218966,14750.4621356
142954.25317772463,14765.2199754
143137.5153159416,14779.9925805
143642.85044189284,14794.7799655
143406.13768985245,14809.5821453
143498.39552630778,14824.3991347
143144.7500070064,14839.2309486
143439.21954955652,14854.0776016
142033.43072341682,14868.9391087
141162.0677088134,14883.8154848
142382.11293846357,14898.7067446
142826.4518534805,14913.6129032
143190.6184552176,14928.5339754
142770.22098001195,14943.4699761
143014.81579648412,14958.4209203
142714.59076213583,14973.386823
142275.782187554,14988.367699
141862.33992051773,15003.3635634
139520.99553869196,15018.3744311
136892.30007555743,15033.4003172
136437.61353612348,15048.4412368
139001.00169462236,15063.4972047
140668.47818399835,15078.5682362
140368.43596116148,15093.6543462
139863.38910520624,15108.7555499
138276.20771693834,15123.8718624
137332.5367299249,15139.0032987
138284.03149618293,15154.149874
138641.99216928778,15169.3116035
138146.35787116628,15184.4885023
137769.81124906443,15199.6805855
138180.23890432334,15214.8878685
138431.1927479516,15230.1103664
138579.94533547128,15245.3480943
137110.56550566922,15260.6010676
136892.54484358424,15275.8693015
136922.80242877163,15291.1528113
138403.5439993976,15306.4516123
139136.0591015739,15321.7657196
137327.3350382626,15337.0951488
137019.075823838,15352.4399151
137491.83712327585,15367.8000337
136291.82486759603,15383.1755202
135637.19779871957,15398.5663899
135973.63904003147,15413.9726582
135225.4028884254,15429.3943404
135967.12385987947,15444.831452
137503.02123916024,15460.2840084
137485.3325462927,15475.7520252
136969.3192680618,15491.2355176
136300.43444745016,15506.7345014
136394.9733323025,15522.2489918
134094.84525120063,15537.7790045
130646.36575829335,15553.324555
129334.85658663197,15568.8856588
128226.72414057677,15584.4623315
128855.27603936399,15600.0545887
130996.92243097356,15615.6624459
131671.65349523845,15631.2859188
132138.34937038022,15646.9250229
132393.02213047558,15662.579774
131041.4592084337,15678.2501877
129362.53999924882,15693.9362796
130555.77432713984,15709.6380655
132848.49093626527,15725.355561
132816.5901294085,15741.0887818
129954.33819866423,15756.8377438
125010.6259527238,15772.6024626
123991.25212410623,15788.382954
126584.21710740775,15804.1792338
127111.44122557007,15819.9913177
127250.50964921224,15835.8192217
128269.50231968111,15851.6629614
126188.38847061445,15867.5225529
120450.83138748303,15883.3980118
119047.15514402557,15899.2893542
124007.03405230316,15915.1965958
128771.22575857701,15931.1197527
131241.25259045235,15947.0588407
129903.03167298574,15963.0138757
125818.29945870393,15978.9848737
122897.84637065098,15994.9718508
122735.20011333507,16010.9748228
124700.50204033719,16026.9938057
126398.03296637992,16043.0288157
126672.863452397,16059.0798687
125846.01960811182,16075.1469808
125755.47188975583,16091.230168
124309.45778003428,16107.3294465
124747.82847898077,16123.4448323
127316.89846365455,16139.5763415
127345.75962264031,16155.7239904
124973.09341669566,16171.8877949
119420.07411261598,16188.0677713
116410.60793624267,16204.2639359
118462.99711324075,16220.4763046
120483.82724547156,16236.7048939
122252.55195357319,16252.9497198
125518.38110923975,16269.2107987
127252.69849516645,16285.4881468
126447.91462924924,16301.7817804
125323.00838349517,16318.0917158
125672.33686053417,16334.4179693
126219.33945228814,16350.7605572
125157.25756144818,16367.1194959
121295.77901479331,16383.4948017
115004.24438395395,16399.8864909
113045.71674467558,16416.2945801
116173.09389777563,16432.7190856
118192.83445221525,16449.1600238
119713.14059746113,16465.6174111
120297.20983651419,16482.0912641
121455.36774960256,16498.5815991
121525.58331712119,16515.0884328
120116.95873693384,16531.6117815
120231.34897169222,16548.1516618
121172.42743827046,16564.7080903
121155.74114173517,16581.2810835
119881.74995548888,16597.870658
116222.2375497188,16614.4768304
114036.42425271748,16631.0996172
114653.37472166095,16647.7390352
115031.50768309856,16664.3951009
116274.02312015193,16681.0678309
117587.42157575212,16697.7572421
117285.27751409372,16714.463351
116975.22580933564,16731.1861744
116298.49044533134,16747.9257289
116351.44949057233,16764.6820314
117665.63260076211,16781.4550986
115844.67411376827,16798.2449472
113406.17517625021,16815.0515941
112436.73088175445,16831.875056
110535.03258950243,16848.7153498
109657.97830755069,16865.5724923
110359.21496781117,16882.4465004
111849.84247890051,16899.3373909
113820.85354172159,16916.2451808
114271.76438984451,16933.1698869
113911.55345244234,16950.1115262
114253.54835273208,16967.0701156
114183.36738982027,16984.0456721
112305.71955275685,17001.0382126
112208.61253488895,17018.0477542
113527.09508268861,17035.0743138
112389.58666516376,17052.1179085
110149.08518326854,17069.1785553
109817.76725021092,17086.2562713
108889.49994446019,17103.3510735
109135.75322918117,17120.4629791
111003.51415591456,17137.5920052
111368.01637448922,17154.7381689
111135.12933594326,17171.9014873
110785.37611217985,17189.0819776
109441.9497413018,17206.279657
108795.72020840616,17223.4945426
109119.84867107407,17240.7266518
110094.22141574265,17257.9760017
110124.34686119437,17275.2426095
109577.4496485066,17292.5264926
111577.66453524822,17309.8276683
117697.74504851415,17327.1461538
125743.55983171026,17344.4819664
130617.26595466603,17361.8351235
130037.67960863792,17379.2056424
124304.45310380853,17396.5935405
116082.59129084603,17413.9988353
110178.54840694662,17431.421544
107128.8173513228,17448.8616842
105400.64395206656,17466.3192732
105315.0589983017,17483.7943285
104843.9965330071,17501.2868677
103580.61246892043,17518.7969081
102384.96592729758,17536.3244673
102299.0287469987,17553.8695629
102705.57096495024,17571.4322123
102421.49512484479,17589.0124332
101295.01084920099,17606.6102431
101003.07846817962,17624.2256595
102413.0009037531,17641.8587002
103257.25130804507,17659.5093828
102758.82285058736,17677.1777249
101341.9829661889,17694.8637442
100272.90844768296,17712.5674583
100203.45066982252,17730.288885
100214.92036622901,17748.028042
99486.4126176552,17765.784947
98865.11257191424,17783.5596178
98670.21843199877,17801.3520721
97464.54604349202,17819.1623279
96822.1258616118,17836.9904027
97687.13342001796,17854.8363146
99043.88908356745,17872.7000813
99144.36043558062,17890.5817207
98194.08843256079,17908.4812507
96747.72201060179,17926.3986892
95986.01868563681,17944.3340541
96111.0326778548,17962.2873633
95601.25055489811,17980.2586348
94740.04212445299,17998.2478866
93399.31592072778,18016.2551366
92409.26414214035,18034.2804028
93112.70027042141,18052.3237034
94276.82579342721,18070.3850563
95197.10933001208,18088.4644795
98276.95887011512,18106.5619912
105593.80729176152,18124.6776095
115862.46076770786,18142.8113525
125166.94358545997,18160.9632383
128662.44514789472,18179.133285
125220.26697821482,18197.3215109
116107.18733077635,18215.5279341
105954.3447593508,18233.7525729
99121.71100094847,18251.9954453
94324.58326046084,18270.2565698
91545.56637549435,18288.5359646
91648.55336861014,18306.8336479
92098.46163728413,18325.149638
91500.7172714375,18343.4839532
90368.96708614592,18361.836612
90101.99751139594,18380.2076326
89390.86452420495,18398.5970334
88154.45919069203,18417.0048328
88202.26649182555,18435.4310492
88671.28057282438,18453.875701
88560.3285041755,18472.3388067
88796.00748991493,18490.8203848
88466.34681028478,18509.3204537
87359.2067843448,18527.8390319
86806.14177897226,18546.3761379
87083.19587459422,18564.9317903
88112.71584117413,18583.5060077
89031.73626660592,18602.0988085
90234.65115963342,18620.7102115
96101.26906901954,18639.3402352
120683.0937961619,18657.9888982
196732.50444663037,18676.6562192
367162.994010981,18695.3422169
642298.6769963801,18714.0469099
944965.8507189349,18732.7703169
1120894.5245741722,18751.5124567
1059278.0508452293,18770.2733481
799381.4863863515,18789.0530097
492137.0917457854,18807.8514604
264564.50595683075,18826.6687189
145584.36029149572,18845.5048041
100039.79677404377,18864.3597348
87153.32867819023,18883.2335298
83510.78055569522,18902.1262081
82084.68749964022,18921.0377885
82112.68955436934,18939.96829
82637.23804420594,18958.9177314
83206.20858697526,18977.8861318
83375.32916320708,18996.87351
83150.34605370504,19015.8798851
82449.36750403758,19034.9052761
82108.36183492959,19053.949702
82087.50057438904,19073.0131819
81718.5197093269,19092.0957348
81299.48681919614,19111.1973797
81265.50767973051,19130.3181359
81154.44758313282,19149.4580224
80787.55426047188,19168.6170583
80524.72857984733,19187.7952629
80311.16134423908,19206.9926552
80500.41503223465,19226.2092546
80370.80981758084,19245.4450802
79568.66177923771,19264.7001512
79022.17828988249,19283.9744869
78568.38602202652,19303.2681066
78409.93570028656,19322.5810295
79213.35327726559,19341.9132751
81984.86885077634,19361.2648625
87633.89754971603,19380.6358112
98249.97721096993,19400.0261406
112501.7066049035,19419.43587
122468.45425705143,19438.8650188
123016.69692593529,19458.3136065
114033.84969441996,19477.7816525
99314.50673342047,19497.2691763
86821.08960256635,19516.7761974
80515.55674315395,19536.3027352
77926.73623796298,19555.8488094
76714.23171186548,19575.4144393
75608.04881141493,19594.9996448
74437.91761308303,19614.6044452
73519.57052516268,19634.2288602
74151.6231040663,19653.8729094
74885.42626589868,19673.5366126
74630.60086779331,19693.2199892
73345.07876987038,19712.9230591
72028.8509753897,19732.6458419
71794.85651139295,19752.3883574
71467.88959023975,19772.1506252
71320.0437265318,19791.9326652
71805.09927712867,19811.7344971
71958.41797854388,19831.5561408
71133.54745267455,19851.397616
70664.68000681052,19871.2589426
71169.03605330059,19891.1401405
70721.07635292661,19911.0412296
69828.80589270813,19930.9622296
69712.62737125716,19950.9031607
69742.43939431407,19970.8640426
70018.44041219079,19990.8448954
69965.05659154555,20010.8457391
69614.06748023158,20030.8665936
69612.74338299285,20050.9074789
69777.87067618349,20070.9684152
69765.30867377772,20091.0494224
69616.70073576989,20111.1505207
69494.05221386394,20131.2717302
69144.42296455368,20151.4130709
68624.72384350319,20171.574563
68311.80022991318,20191.7562268
68023.3208786027,20211.9580822
67821.88712702612,20232.1801497
67815.22735361026,20252.4224493
67552.95788131592,20272.6850013
66894.8360964938,20292.967826
67103.63469579555,20313.2709437
67255.51949333416,20333.5943747
67029.37585743588,20353.9381393
66848.73123780663,20374.3022578
66870.3314309462,20394.6867506
66810.21893139585,20415.0916381
66349.96154218754,20435.5169406
65776.8682379541,20455.9626787
65644.90318134082,20476.4288728
65346.53359204215,20496.9155433
64891.032604411295,20517.4227107
64666.66083982224,20537.9503956
64265.24251480735,20558.4986184
63951.34160228085,20579.0673997
63824.311565277145,20599.65676
63723.132091244945,20620.2667201
63536.463222542116,20640.8973003
63572.24291452259,20661.5485215
63144.32211149166,20682.2204043
62508.593301472334,20702.9129692
62209.97731244683,20723.6262371
62335.48986353838,20744.3602286
62765.54421165471,20765.1149645
62544.38253921168,20785.8904655
61999.64126964105,20806.6867523
61822.28634162032,20827.5038459
61597.52056375408,20848.341767
61658.10729707752,20869.2005364
61513.744188905264,20890.080175
61302.83202268376,20910.9807037
61228.7706734389,20931.9021434
60978.372900716175,20952.844515
60909.1659785637,20973.8078394
60935.059067153925,20994.7921376
60661.55893652924,21015.7974307
60453.880101062874,21036.8237395
59973.07715724467,21057.8710852
59548.17817773027,21078.9394887
59600.78909404035,21100.0289712
59568.596516117665,21121.1395537
59168.25086252212,21142.2712573
58668.46622705462,21163.4241032
58411.261502239926,21184.5981126
58195.30557969107,21205.7933065
58390.34741023794,21227.0097063
58376.30311006719,21248.247333
58064.896388083595,21269.506208
57812.50644401381,21290.7863525
57654.82082161268,21312.0877878
57176.65244598937,21333.4105352
56943.601585299904,21354.754616
57196.192218613905,21376.1200515
57215.31765755729,21397.5068632
57140.26427819331,21418.9150724
56733.01616489926,21440.3447005
56353.30447841287,21461.795769
56238.83431949596,21483.2682992
56380.22582096878,21504.7623127
56738.2785206229,21526.277831
58109.774880735604,21547.8148755
62990.84169092005,21569.3734679
74207.61741352828,21590.9536297
92335.86052251422,21612.5553824
112006.18950047954,21634.1787476
122849.3892629985,21655.8237471
118690.85612409924,21677.4904024
101696.58524293955,21699.1787351
81480.76797522652,21720.8887671
66358.4133677755,21742.6205199
58014.89668836949,21764.3740153
54644.39796757531,21786.1492752
53730.40829336366,21807.9463212
53415.88712353343,21829.7651751
53373.79915673477,21851.6058588
53066.201561567425,21873.4683941
52943.291105426884,21895.3528029
53292.221874104915,21917.259107
53245.02173264928,21939.1873284
53056.98940569426,21961.137489
52837.804826103755,21983.1096107
52411.161676849,22005.1037155
52242.071195335986,22027.1198255
51704.90619725095,22049.1579625
51012.46800636318,22071.2181487
51394.84501116752,22093.3004062
51988.97198743815,22115.4047569
51997.53364799851,22137.531223
51885.52183485227,22159.6798267
51787.1274323618,22181.8505901
51381.11458939001,22204.0435353
51019.21268251545,22226.2586846
50624.633725686515,22248.4960601
50205.9038116973,22270.7556841
50299.239563909774,22293.0375789
50506.29402651751,22315.3417667
50521.907818226275,22337.6682698
50120.73733719438,22360.0171107
49463.579386122554,22382.3883115
49239.114644505615,22404.7818948
49406.96018394256,22427.1978828
49460.86573102334,22449.636298
49308.37760144709,22472.0971629
49135.25704090459,22494.5804998
48935.88908541505,22517.0863314
48720.14352040825,22539.61468
48581.89823837799,22562.1655682
48388.40778425564,22584.7390186
47783.4449070777,22607.3350538
47159.668524488014,22629.9536963
47284.88339526709,22652.5949687
47653.34014829294,22675.2588938
47853.09116553373,22697.9454941
47837.35879796531,22720.6547923
47739.42743984519,22743.3868112
47358.74924033411,22766.1415735
46804.75166041461,22788.919102
46118.640864098576,22811.7194193
45687.97511520315,22834.5425484
45364.95590022866,22857.388512
44957.67264190955,22880.2573331
44088.07353367186,22903.1490343
41017.01106429323,22926.0636388
37706.87876977455,22949.0011692
38159.59717581601,22971.9616487
39802.72978471912,22994.9451002
40882.07473623667,23017.9515466
40963.863857951554,23040.981011
40692.46813614804,23064.0335163
40743.80118932602,23087.1090857
40876.35811798571,23110.2077422
40817.83815034249,23133.3295089
40585.843608342664,23156.4744089
40359.317740150014,23179.6424654
39387.110472637236,23202.8337016
36447.96361914481,23226.0481406
35257.101110977004,23249.2858056
36459.11047196657,23272.5467199
37363.74239366393,23295.8309068
37990.839676629745,23319.1383895
38481.86432224128,23342.4691913
38484.03374291359,23365.8233357
38227.08981775392,23389.2008458
38126.81933022298,23412.6017451
37466.86372134,23436.0260571
36684.82090708089,23459.4738051
36531.77419524049,23482.9450125
35214.71896782735,23506.4397029
32833.14997998341,23529.9578998
32670.030642099347,23553.4996266
33986.11491655831,23577.0649069
34885.02305678877,23600.6537642
35230.78933974727,23624.2662223
35438.61234485756,23647.9023046
35913.12813076601,23671.5620348
35930.7294292711,23695.2454365
35246.00225202136,23718.9525335
34528.09399561294,23742.6833495
34453.813562297946,23766.4379081
34300.31707716106,23790.2162332
32989.44087881422,23814.0183485
31146.663489959235,23837.8442779
31517.32061228646,23861.694045
32547.28390725037,23885.5676739
32972.46251735312,23909.4651883
33300.55810026372,23933.3866123
33709.409206633085,23957.3319695
34007.44136959997,23981.3012842
33550.97873846449,24000.0
32425.67679722162,24241.20401
30733.99962878117,24484.8321606
29597.47498286907,24730.9088149
29508.628567277174,24979.4585806
30009.56075948016,25230.506313
31485.90601664523,25484.0771171
33711.47715112438,25740.1963501
35778.97751820615,25998.8896242
36041.574495009,26260.1828089
33894.83110654844,26524.1020338
30581.688466252308,26790.673691
27363.236978521047,27059.9244379
24981.608021640437,27331.8811998
23417.680674957017,27606.5711726
22413.44383875411,27884.0218255
21850.427436623344,28164.2609038
21390.786237968365,28447.3164317
20928.856152494754,28733.2167149
20426.75003861591,29021.9903438
20014.20840436419,29313.6661958
19788.360305186656,29608.273439
19555.390214595805,29905.8415341
19254.41096455551,30206.4002383
18799.828146854576,30509.9796077
18150.455424183823,30816.6100005
17315.103123066976,31126.32208
16661.923774420866,31439.1468176
16196.876080983457,31755.1154961
15936.581300122714,32074.2597126
15841.064784948407,32396.6113818
15652.808627230002,32722.2027392
14663.775952703889,33051.0663441
13909.303862664901,33383.2350831
13145.120982046144,33718.7421735
12454.365127522284,34057.6211662
11915.784783300238,34399.9059494
11483.673596759432,34745.6307519
11136.807538010848,35094.8301464
10857.346317591124,35447.5390532
10646.1893481018,35803.7927434
10579.481236879352,36163.6268427
10667.028025132715,36527.0773348
10855.785966453097,36894.1805652
10891.146157196725,37264.9732443
10576.13414245326,37639.4924518
10018.924095523755,38017.7756399
9605.706125578083,38399.8606372
9901.09894968344,38785.7856526
11460.621586253907,39175.5892789
14364.509501843228,39569.3104968
17673.039652695523,39966.9886787
19609.627304821184,40368.6635928
18749.511203314305,40774.3754068
15433.484517321069,41184.1646924
11468.28718316374,41598.0724288
8492.597966562047,42016.1400071
6854.383038905092,42438.4092344
6073.971727213594,42864.922338
5643.4568144805135,43295.7219695
5384.169572594467,43730.8512094
5238.319803971093,44170.3535708
5193.3522733101045,44614.2730043
5144.616344374251,45062.6539023
5562.312397280182,45515.5411033
6039.620224534803,45972.9798963
6233.465144215266,46435.0160256
5910.891498364112,46901.6956953
5267.743165318355,47373.0655735
4633.787934089284,47849.1727978
4126.100667383923,48330.0649793
3816.903631234966,48815.7902075
3678.6965203575887,49306.3970555
3650.115564902799,49801.9345842
3701.755039741511,50302.4523479
3732.9391319474125,50808.0003987
3685.3102124477646,51318.6292919
3557.253457954705,51834.3900908
3359.6218595898945,52355.334372
3167.581593391893,52881.5142301
3018.2603170633492,53412.9822838
2929.859647299905,53949.7916802
2868.7283352507134,54491.9961008
2804.459250643164,55039.6497663
2758.076741090322,55592.8074427
2738.6957602489188,56151.5244462
2729.891700400475,56715.8566489
2755.8132537583274,57285.8604846
2818.8787881253647,57861.592954
2846.8599239538994,58443.111631
2789.5240357920543,59030.4746678
2682.2115288674268,59623.7408012
2494.510949104354,60222.9693585
2306.0168843718075,60828.2202628
2166.3876145218637,61439.5540399
2071.8425962970255,62057.0318236
2009.458037429641,62680.7153622
1962.6105822760387,63310.6670245
1916.9717703442361,63946.9498063
1871.5332707302764,64589.6273364
1832.275835121065,65238.763883
1815.431642965955,65894.4243604
1852.810506451973,66556.6743351
2003.4200933728957,67225.5800328
2319.9783589998156,67901.2083444
2760.6010385530426,68583.6268335
3142.6893140448333,69272.9037424
3223.865142990818,69969.1079994
2969.4894165078786,70672.3092256
2630.4195785285347,71382.5777415
2575.661112708931,72099.9845747
2983.4100505869014,72824.6014665
3673.2871396403257,73556.500879
4138.130969554883,74295.756003
4051.9180068481483,75042.4407645
3361.546279059027,75796.6298326
2452.1506002091146,76558.3986268
1727.4946053763697,77327.8233247
1323.9921363618598,78104.9808694
1150.6154463691369,78889.9489772
1081.7461170763684,79682.8061457
1046.4620636360953,80483.6316612
1023.9724027523846,81292.5056069
1005.1792715872776,82109.5088709
993.2932456995759,82934.7231543
1013.5347986098272,83768.2309791
1147.0112026961722,84610.1156968
1622.9130795678866,85460.4614965
2868.9231165070455,86319.3534137
5332.338540407713,87186.8773381
8917.083638842594,88063.1200229
12407.166114155652,88948.169093
13892.50155099787,89842.1130543
12347.335886388715,90745.0413016
8680.845497235647,91657.0441288
4941.704749072588,92578.2127367
2454.475122021672,93508.6392431
1286.5128216135674,94448.4166913
884.5207302727905,95397.6390599
780.0011994789769,96356.4012719
775.6607988643731,97324.7992043
879.414121986752,98302.9296977
1325.7775996217265,99290.890566
2702.026839785219,100288.780606
5951.415995877932,101296.699608
11739.068785928856,102314.748364
19117.96340407006,103343.02868
24903.01103830172,104381.643386
25563.80228126291,105430.696342
20511.24975724133,106490.292456
12833.81359196652,107560.537688
6341.046669835403,108641.539064
2631.935556046812,109733.404683
1114.1768668126167,110836.243735
664.32940024286,111950.166504
559.9851316300288,113075.284382
534.1381197698215,114211.709883
522.2344080109267,115359.556651
517.3374622342307,116518.93947
529.4321188859635,117689.97428
586.2837308067357,118872.778185
738.2322145714201,120067.469468
1070.2644633790737,121274.167598
1725.2951595622515,122492.993245
2908.996521508078,123724.068294
4720.466078887892,124967.515852
6789.018073042099,126223.460267
8151.277593203835,127492.027132
7890.484107519029,128773.343307
6058.384209144228,130067.536923
3690.1639992126816,131374.737401
1847.4807634040767,132695.075463
860.0838987562257,134028.683143
478.853271431293,135375.693802
370.4503160438244,136736.242144
349.0803264815823,138110.464224
352.06453983299707,139498.497466
362.82758348806743,140900.480673
376.4506898688828,142316.554046
398.7821949856304,143746.859193
497.8795099522271,145191.539146
932.395554941567,146650.738374
2367.828454391628,148124.602797
5977.632921584361,149613.279805
12833.520578847,151116.918265
22272.633608553257,152635.668542
30657.88729716954,154169.682514
33111.71911814193,155719.113583
27836.844866667892,157284.116693
18099.28447414989,158864.848345
9080.830247801063,160461.466615
3562.7690014476093,162074.131165
1181.9489733932533,163703.003263
439.8819707071652,165348.245798
269.6489192012537,167010.023295
239.20922119147895,168688.501934
233.73046611371922,170383.849564
239.13775984428113,172096.23572
284.6103754716065,173825.831644
499.1711099205635,175572.810295
1260.3755424484432,177337.346374
3378.7405585004954,179119.616336
7930.150451877173,180919.798408
15241.756399051092,182738.072611
23417.468684882977,184574.620773
28413.936544439748,186429.626551
26991.898320328262,188303.275448
19929.551437538987,190195.754828
11376.00138145973,192107.253943
5024.575379009162,194037.963943
1763.5176704515663,195988.077902
561.5712248211453,197957.790831
238.03822587930287,199947.299704
172.35278348712566,201956.803475
161.41866960062154,203986.503093
162.22537619477728,206036.601532
176.1585376304105,208107.303803
216.41092652027868,210198.816978
292.8877823449269,212311.350209
394.83117790668985,214445.114753
479.12323675209296,216600.323986
493.7170591760497,218777.193433
424.9693277245809,220975.940781
313.4268755411753,223196.785908
214.91505899061553,225439.950899
155.77792439583942,227705.660073
129.49224369016952,229994.140002
119.84367416241166,232305.619538
115.44645810213997,234640.329829
112.60588680483532,236998.504348
110.2182052076769,239380.378916
107.89293538889251,241786.19172
105.60113320545213,244216.183346
103.36237079813816,246670.596793
101.14530824499333,249149.677506
99.00405396028948,251653.673393
96.97649212692843,254182.834858
95.00625805999384,256737.414819
93.10564379043267,259317.668734
91.19784643342142,261923.854633
88.91781298420561,264556.233135
86.8107126099985,267215.067482
85.06138325716188,269900.623557
83.38581750659695,272613.16992
81.74976426832319,275352.977827
80.13762372741266,278120.321261
78.55149856518909,280915.47696
76.99665934570525,283738.724439
75.44989996169501,286590.346028
73.95498699086144,289470.626891
72.52054339383305,292379.855057
70.93125105981586,295318.321452
69.4303259658405,298286.319926
68.20869079588337,301284.14728
67.91043037480608,304312.1033
74.11436519314384,307370.490784
114.9566361301285,310459.615573
305.11139305679177,313579.786582
1002.5001648696222,316731.315832
3023.9114160056447,319914.518477
7575.367669471786,323129.71284
15299.944043161713,326377.220444
24600.42758073928,329657.366042
31234.67783412631,332970.477651
31137.41069244833,336316.886586
24334.41924864534,339696.927489
15065.909036066128,343110.938368
7742.378920934808,346559.260627
3799.96987091385,350042.239101
2272.693983950452,353560.222091
1785.6219381207302,357113.561397
1508.3289769741,360702.612357
1143.9179556120223,364327.733879
718.7807402041545,367989.288478
368.12040193390607,371687.642312
162.80402034138297,375423.16522
75.96655414974065,379196.230758
48.911441117525,383007.216235
42.285562744274806,386856.502753
40.56032817784882,390744.475243
39.674986437301705,394671.522506
38.92029584019813,398638.037251
38.14645886500637,402644.416131
37.325456395169184,406691.059789
36.61854795024631,410778.372891
35.92667750161048,414906.764174
35.24893300017196,419076.646478
34.582189154391884,423288.436796
33.9262714689521,427542.556311
33.28623747391203,431839.430437
32.64731434023126,436179.488867
32.03993672002765,440563.165608
31.34421378073611,444990.899034
30.752001277667976,449463.13192
30.17545238579934,453980.311494
29.612836476389756,458542.889478
29.075678891246703,463151.322132
28.717740455839564,467806.070305
29.633457087706674,472507.599474
38.347893444068966,477256.379798
85.97055521149657,482052.886156
288.4578076357326,486897.598206
973.2455632482643,491791.000421
2795.7789778588867,496733.582145
6535.266691676556,501725.837642
12235.209868429638,506768.266141
18175.632875565592,511861.371889
21256.61316554318,517005.6642
19425.398316615687,522201.657509
13770.04963057077,527449.871418
7525.271062323555,532750.830755
3188.4689239909344,538105.065618
1186.6432513135833,543513.111436
803.5522534807254,548975.509019
1390.6212747880202,554492.804609
2588.9397386700857,560065.549943
3940.0179611137764,565694.302298
4737.34469211363,571379.624554
4456.826080438232,577122.08525
3258.8363623432697,582922.258634
1845.0351272611922,588780.724731
815.8815496312066,594698.06939
299.89984858932814,600674.884352
117.52169873334445,606711.767303
75.15150407863929,612809.321936
74.93009494467532,618968.158013
82.77423957627248,625188.89142
84.59614373476514,631472.144238
74.07699090489669,637818.544797
54.65108826088802,644228.727742
35.4894229630928,650703.334096
22.84623661733816,657243.011326
16.845695887022973,663848.413404
14.666125718017089,670520.200878
13.946317163727851,677259.04093
13.609815794839854,684065.60745
13.353986498995415,690940.581102
13.118153306003904,697884.649387
12.872990973229879,704898.506719
12.636167284351927,711982.854489
12.404642680307212,719138.401137
12.184112006424991,726365.862226
11.967352408210754,733665.960505
11.751974611098069,741039.425992
11.540130250355878,748486.996039
11.330013642364626,756009.41541
11.124633290728973,763607.436352
10.921664076674615,771281.818674
10.730565859260619,779033.329821
10.539948253609618,786862.74495
10.3938288529835,794770.847009
10.565779909026883,802758.426815
12.92035498357895,810826.283132
27.19635890954931,818975.222754
93.83804470501197,827206.060581
341.6288861259774,835519.619702
1070.161027329602,843916.731482
2734.2133881737363,852398.235639
5600.844254895857,860964.980329
9111.348539808829,869617.822235
11679.06415959921,878357.626648
11707.482988245318,887185.267556
9109.40168925474,896101.627729
5460.544658849233,905107.598812
2503.8536630061185,914204.08141
873.8196735443425,923391.985177
233.5906311501823,932672.228912
51.505513136315024,942045.740647
13.76592962749388,951513.457742
7.985829534430123,961076.326975
7.243005941404031,970735.304642
7.064502669462869,980491.356648
6.932644980036562,990345.458607
6.808685913514061,1000298.59594
6.689430534983377,1010351.76396
6.568618370005752,1020505.968
6.449919629634357,1030762.22349
6.335155457922433,1041121.55606
6.221313169871645,1051585.00165
6.109939702305141,1062153.60662
6.000479715409261,1072828.42784
5.892439121909756,1083610.53279
5.789774664369111,1094500.9997
5.688116029527945,1105500.91762
5.604626640679706,1116611.38655
5.61227535017234,1127833.51756
6.029920687265447,1139168.43285
7.8913207774905825,1150617.26594
13.71304095939183,1162181.16171
27.521164260559555,1173861.27657
52.14631452921938,1185658.77853
83.56062022538254,1197574.84736
108.19369055656398,1209610.67467
110.98946818306852,1221767.46406
89.43157944938176,1234046.43121
56.67940764541484,1246448.80404
28.969960860938468,1258975.82278
13.13145852877408,1271628.74015
6.672626415773657,1284408.82146
4.72404418520391,1297317.34472
4.252440546262341,1310355.6008
4.115545096784512,1323524.89352
4.035848507707098,1336826.53984
3.967425855523036,1350261.86993
3.9133587789427655,1363832.22733
3.910637716082171,1377538.96909
4.0312739097996655,1391383.46589
4.381877567938282,1405367.10221
5.016076008377456,1419491.2764
5.776330648810795,1433757.4009
6.2974188206054516,1448166.90234
6.318878845398946,1462721.22167
6.246111649609177,1477421.81435
7.652637977283833,1492270.15043
13.56417226211788,1507267.71478
27.86413311782336,1522416.00715
52.176044513495185,1537716.5424
80.8256847726889,1553170.85058
100.14219619690041,1568780.47714
97.81265972270597,1584546.98305
74.77370935160678,1600471.94498
44.78176090533221,1616556.95544
21.492525687616094,1632803.62295
9.070706552141107,1649213.57217
4.314359755639838,1665788.44413
2.9683243216819837,1682529.89632
2.6607440924270995,1699439.6029
2.576814136814907,1716519.25486
2.5270098854317093,1733770.56018
2.4823902415610988,1751195.24399
2.438636838851989,1768795.04879
2.3930263468218445,1786571.73457
2.3506244968949312,1804527.07901
2.3087251230720405,1822662.87766
2.2670180043240697,1840980.94412
2.226270861871097,1859483.11021
2.1884315288637777,1878171.22615
2.1638780125265797,1897047.16079
2.1973104970879183,1916112.80172
2.445355459905583,1935370.05553
3.3224149723838488,1954820.84796
5.5636880799543995,1974467.1241
9.85227611028182,1994310.8486
15.786544115409697,2014354.00585
21.07788447413699,2034598.60017
22.641858582401504,2055046.65605
19.310004002290743,2075700.21831
13.129748301597056,2096561.35232
7.382121292654091,2117632.14422
3.8439987357321184,2138914.70109
2.296294257813777,2160411.15121
1.7931947823553973,2182123.64425
1.6586431273792719,2204054.35148
1.6119636328704314,2226205.46597
1.5795293339947467,2248579.20287
1.5525234313868066,2271177.79956
1.5251417717163556,2294003.51592
1.4964819911869254,2317058.63455
1.4715554680386322,2340345.46097
1.44417756474691,2363866.32389
1.4181723926789518,2387623.57541
1.3930829734541608,2411619.59127
1.3679647343771286,2435856.77111
1.343400081211031,2460337.53865
1.3199750021163503,2485064.342
1.2960903110569169,2510039.65385
1.2732247970466284,2535265.97176
1.2500125240564364,2560745.81838
1.2278711917859617,2586481.74171
1.2057225112768168,2612476.31538
1.1848523722545004,2638732.13885
1.16330159729972,2665251.83774
1.1426071531716082,2692038.06403
1.1228183003221874,2719093.49637
1.1020083396876905,2746420.84032
1.0824326584591484,2774022.82865
1.0626155143207658,2801902.22158
1.0438774204990162,2830061.80706
1.0253474753179082,2858504.40108
1.007087809368228,2887232.84792
0.9886642317257717,2916250.02045
0.9707382931602084,2945558.82041
0.9536582876579753,2975162.17872
0.9365044301186585,3005063.05571
0.9198750370202858,3035264.44152
0.9032735153458781,3065769.3563
0.8873484128447215,3096580.85058
0.8714610154321168,3127702.00551
0.8559730777726449,3159135.93326
0.8400249815025557,3190885.77723
0.8261440490792836,3222954.71244
0.8113762287263537,3255345.9458
0.7962093132033842,3288062.71647
0.7818291599383757,3321108.29616
0.7680792086953799,3354485.98944
0.7545793156894305,3388199.13412
0.740919030078207,3422251.10153
0.7277617710909442,3456645.2969
0.7149093863223204,3491385.15969
0.7019238562133325,3526474.1639
0.6891333447815127,3561915.81846
0.6773237528406303,3597713.66758
0.6656180536011164,3633871.29106
0.6524378859456408,3670392.30469
0.6409398873691983,3707280.36062
0.6299592719830724,3744539.14767
0.6187851364609757,3782172.39176
0.6076775205321734,3820183.85624
0.5961352619008391,3858577.34229
0.5851082169618826,3897356.68928
0.5744479517988977,3936525.7752
0.5646891999183187,3976088.51697
0.5546003362717946,4016048.87091
0.5445247347559897,4056410.83308
0.5349553964020464,4097178.43971
0.5256272641538818,4138355.7676
0.5163976796239608,4179946.93452
0.5069728972328958,4221956.09962
0.4977109131329546,4264387.46384
0.4888248149309976,4307245.27036
0.48015954082152484,4350533.805
0.4715974481497531,4394257.39665
0.46309175261185287,4438420.4177
0.45473823199977587,4483027.28448
0.4464608336888007,4528082.45774
0.4380837448885404,4573590.44301
0.4301134211526232,4619555.79113
0.4224773579521962,4665983.09869
0.41498807122682524,4712877.00844
0.4076511505963175,4760242.20982
0.4005087135074476,4808083.43939
0.3933780399868441,4856405.48131
0.38584810812324466,4905213.16783
0.37887089309392274,4954511.37975
0.3723007448934309,5004305.04694
0.3654525358387745,5054599.1488
0.35957308806034965,5105398.71479
0.3527306918609111,5156708.8249
0.3458772180790495,5208534.6102
0.33995575000646044,5260881.25329
0.33458448418904946,5313753.9889
0.3281850008796934,5367158.10433
0.3221197199538602,5421098.94005
0.31657209149166166,5475581.89018
0.311236018904824,5530612.40305
0.30542906296724354,5586195.98178
0.2997893687898666,5642338.18477
0.294345325755698,5699044.62627
0.28896145211778235,5756320.97698
0.28379181265753595,5814172.96459
0.27865751748269724,5872606.37434
0.27371047978484075,5931627.04962
0.2687915948896282,5991240.89255
0.26400855898700076,6051453.86456
0.25928625971435326,6112271.987
0.2545601772457756,6173701.34174
0.24999508505852586,6235748.07175
0.24549357508898947,6298418.38177
0.2410618745758168,6361718.53887
0.23677427351222038,6425654.87313
0.23244335509708489,6490233.77823
0.22827105621113888,6555461.71211
0.22414239092416224,6621345.19763
0.22012270230755687,6687890.82319
0.21618166070563788,6755105.24341
0.21230776087702244,6822995.17977
0.20848350464615795,6891567.42134
0.20474343271891582,6960828.8254
0.20106920391876848,7030786.31814
0.19738933537563333,7101446.89537
0.1938822468777827,7172817.62321
0.19036223954372433,7244905.63879
0.18690224215028423,7317718.15096
0.18358053588315687,7391262.44106
0.18021406486566618,7465545.86355
0.17699643489300074,7540575.84686
0.17381287934637585,7616359.89403
0.17065958311174864,7692905.58354
0.16760171315151365,7770220.57001
0.1646046356770017,7848312.58502
0.16161876624413826,7927189.43783
0.158656511714545,8006859.01619
0.1558377466273578,8087329.28712
0.15303051537550763,8168608.29772
0.150236068152891,8250704.17596
0.14753970164857444,8333625.13149
0.14487050242891433,8417379.45648
0.14226927576031795,8501975.52643
0.13968180399962912,8587421.80101
0.13716385409531667,8673726.82493
0.1347305493368331,8760899.22877
0.13229443946813882,8848947.72982
0.1299031945112829,8937881.13303
0.12753871053274313,9027708.33179
0.12526375726601963,9118438.30891
0.12297741864087695,9210080.13747
0.12078445677081469,9302642.98171
0.11860395108352802,9396136.098
0.11646201713745802,9490568.83573
0.11435452433090237,9585950.63825
0.11228615596531008,9682291.04382
0.1102650895047335,9779599.68657
0.1082515513458262,9877886.29744
0.10629444337614241,9977160.70517
0.10438879345909978,10077432.8373
0.10250246373014715,10178712.7211
0.10064737213748742,10281010.4846
0.09881452615829678,10384336.3578
0.09702966585527512,10488700.6732
0.09527890882478357,10594113.8675
0.09354733371800866,10700586.482
0.09186406595235404,10808129.164
0.09021081217820379,10916752.668
0.0885776044075231,11026467.8563
0.0869643330788642,11137285.7006
0.08539426031554015,11249217.2828
0.08385815628817396,11362273.796
0.08233718385473528,11476466.5461
0.08083615254444435,11591806.9525
0.07937613290188897,11708306.5491
0.07792793010969355,11825976.9862
0.07653686743827093,11944830.0309
0.0751483796728125,12064877.5685
0.07377703083754104,12186131.6039
0.0724424408619782,12308604.2626
0.07114449075040798,12432307.792
0.06982820835451294,12557254.5626
0.06857772470266749,12683457.0691
0.06736051545155225,12810927.9318
0.0661190587756615,12939679.898
0.06490279809729962,13069725.843
0.0637446505426233,13201078.7715
0.06259683806814828,13333751.8188
0.061468045911680314,13467758.2525
0.060361726756719934,13603111.4732
0.059261464908405774,13739825.0163
0.058190998409688444,13877912.5534
0.057136880530382024,14017387.8934
0.05610409689607462,14158264.9838
0.05508130758245265,14300557.9125
0.05406974151299412,14444280.9089
0.05307320127014948,14589448.3455
0.052130146363526565,14736074.739
0.051177093948208054,14884174.7523
0.05024943731872173,15033763.1955
0.0493491590446677,15184855.0275
0.04844425068732731,15337465.3577
0.04756271831367617,15491609.4472
0.046697153253396385,15647302.7105
0.04585176394584565,15804560.7172
0.045020154329346446,15963399.1931
0.04421332403638069,16123834.0222
0.04338743128679217,16285881.2481
0.042633451614638905,16449557.0758
0.04182773526161716,16614877.8729
0.04108537629823114,16781860.1716
0.040324425549265665,16950520.6703
0.039602229240650745,17120876.2352
0.03887757013754095,17292943.902
0.038172342332798974,17466740.8776
0.037471316522678134,17642284.5418
0.03679574604182472,17819592.4492
0.036135659271012165,17998682.3307
0.0354771701560473,18179572.0954
0.034820917154493855,18362279.8325
0.0341967448847215,18546823.8128
0.03357754573984282,18733222.491
0.03297230967511556,18921494.5071
0.03236344508019398,19111658.6884
0.031771322049708804,19303734.0515
0.031191686780204706,19497739.804
0.030629327668136686,19693695.3468
0.030072888141073242,19891620.2756
0.029522659115359846,20091534.3829
0.028978288760255353,20293457.6604
0.02845924239823129,20497410.3006
0.027935007980273596,20703412.6989
0.027433691407341174,20911485.4558
0.026929973975782874,21121649.3786
0.026443668965445886,21333925.4839
0.02596201581520258,21548334.9996
0.025487154999788965,21764899.3667
0.025023605545938323,21983640.2419
0.02456790031174994,22204579.4995
0.02412047595162577,22427739.2335
0.023670645069326684,22653141.7601
0.023252740886272088,22880809.6198
0.022819942216422688,23110765.5795
0.02241905372928393,23343032.635
0.021995585331319505,23577634.0132
0.021611933338374474,23814593.1745
0.021198237136514378,24053933.815
0.020821317886533238,24295679.8688
0.02043990791422429,24539855.5109
0.020071257710341045,24786485.159
0.019701299357632172,25035593.4763
0.019335805593855802,25287205.3738
0.018991663998488003,25541346.0129
0.01864496751322647,25798040.8079
0.0182956680466583,26057315.4285
0.017972254598422215,26319195.8023
0.01763748329803307,26583708.1176
0.017305434426052552,26850878.8259
0.017004819019467564,27120734.6445
0.01669862054923543,27393302.5591
0.01638544928365978,27668609.8268
0.016084838115689157,27946683.9785
0.015793262435714304,28227552.822
0.015511513684258283,28511244.4442
0.015217301212202815,28797787.2147
0.014944610801046478,29087209.7878
0.014674737472727144,29379541.1062
0.014395087851143162,29674810.4032
0.01413698330795071,29973047.2059
0.013884862151331955,30274281.3384
0.013627436441823609,30578542.9242
0.013374395814026604,30885862.3897
0.013122783743896617,31196270.4673
0.012884493120071514,31509798.1979
0.012650874236686026,31826476.9346
0.012419709976900868,32146338.3455
0.012190369181981622,32469414.417
0.011965570198804948,32795737.457
0.011756136032941927,33125340.0981
0.011544967355509906,33458255.3008
0.01134173033271785,33794516.3569
0.011128956308210248,34134156.8928
0.010922242462774267,34477210.8729
0.010720205029699842,34823712.6027
0.010525195469028211,35173696.7329
0.010334082642162627,35527198.262
0.010138982192779006,35884252.5406
0.009959773897071564,36244895.2743
0.009775912097369398,36609162.5278
0.009600783429453745,36977090.728
0.00942297542225065,37348716.6681
0.009242015030509412,37724077.511
0.009080362442923083,38103210.7931
0.00891630352372263,38486154.428
0.00874845097829411,38872946.7104
0.00858773602043507,39263626.3199
0.00843341562539178,39658232.3247
0.008277722938677162,40056804.1859
0.008122646145507595,40459381.7608
0.007975493067660022,40866005.3076
0.00782774044187038,41276715.489
0.007687070788559049,41691553.3764
0.007547892791067179,42110560.4538
0.007405059745466412,42533778.6224
0.0072714695701318645,42961250.2042
0.007134898213892453,43393017.9469
0.007005692738968417,43829125.0276
0.006878372806693468,44269615.0573
0.0067532099247860486,44714532.0853
0.006629480550183205,45163920.6039
0.006507916340126546,45617825.5521
0.0063850222618315145,46076292.321
0.006269594358909595,46539366.7574
0.00615378497487718,47007095.1693
0.0060395357577463366,47479524.3299
0.005935232353543897,47956701.4825
0.005822791523297012,48438674.3452
0.005715009347495509,48925491.1157
0.005610895435744047,49417200.4761
0.005509740432089321,49913851.5977
0.005405818725441201,50415494.1461
0.005306199915778358,50922178.2859
0.005214180205428959,51433954.6859
0.0051128892186847906,51950874.5243
0.005021288668765504,52472989.4935
0.004926352397193008,53000351.8053
0.004837888089884595,53533014.1964
0.004753362168776107,54071029.9336
0.004656807370710113,54614452.8189
0.0045759778556993275,55163337.1949
0.004489889459554616,55717737.9507
0.004406847508444382,56277710.5266
0.004331832770716915,56843310.9205
0.004250219916786175,57414595.6929
0.00416737167793693,57991621.9727
0.004090485836734714,58574447.463
0.004020226047146121,59163130.4468
0.003944218206174463,59757729.7931
0.003871911521775679,60358304.962
0.0038006387904595206,60964916.0118
0.0037274799762637726,61577623.604
0.003661789671133101,62196489.0099
0.0035962445248590193,62821574.1165
0.0035276846979591997,63452941.4329
0.003457985137652123,64090654.0962
0.003396038107672489,64734775.8784
0.0033365620275913463,65385371.1922
0.003277107098750128,66042505.0975
0.0032148103286979784,66706243.3084
0.0031536335599708313,67376652.1992
0.0030958935523207986,68053798.8114
0.003039509668474252,68737750.8601
0.0029843579270389686,69428576.7413
0.002931159971104006,70126345.5379
0.0028767386783953596,70831127.0276
0.002822950217662155,71542991.689
0.0027714287141201452,72262010.7092
0.002718174191704123,72988255.9906
0.0026683572367659563,73721800.1585
0.0026200633284061137,74462716.5679
0.002572239737606302,75211079.3109
0.002524956621913484,75966963.2246
0.0024785581846177526,76730443.8978
0.0024324562338213025,77501597.6795
0.0023878169673948674,78280501.6854
0.0023440537486949862,79067233.8068
0.002301822537946913,79861872.7174
0.002261315417841452,80664497.8819
0.00221950941931617,81475189.5634
0.0021761692118431562,82294028.8317
0.0021339953001602674,83121097.5715
0.0020974820873456645,83956478.4903
0.0020583104979162545,84800255.1269
0.002019314148714188,85652511.8597
0.001984286606744349,86513333.9151
0.0019457412419928348,87382807.376
0.0019095847069900802,88261019.1904
0.0018743631218335077,89148057.1803
0.0018399997583981808,90044010.0501
0.0018057649754230712,90948967.3961
0.0017726349372419558,91863019.7145
0.0017396604283458324,92786258.4115
0.0017072180820658478,93718775.8117
0.0016760164603374192,94660665.1675
0.001645320289845074,95612020.6687
0.001614856715740708,96572937.4517
0.001584802630165589,97543511.6089
0.0015557749859150783,98523840.1986
0.0015270887483233833,99514021.2543
